ID,BlendProperty1,BlendProperty2,BlendProperty3,BlendProperty4,BlendProperty5,BlendProperty6,BlendProperty7,BlendProperty8,BlendProperty9,BlendProperty10
1,-0.01716320955705874,0.12575917374964882,0.4604774448021743,0.5678742102551969,0.1867853655614347,0.67364166107497,0.4550926581335822,0.25058286469257846,-0.15573380868171038,0.020425240770577762
2,-0.7686109403811197,-0.357121874594529,-0.8546617173073073,0.06803434717854688,-0.6405358317713757,-0.12319884573784114,-0.7595654850058159,-0.9712703109026686,-0.6699932576548727,-0.031071489779141447
3,1.4706735039152314,0.5705314052092966,0.9209804852541285,0.8554948597016285,1.783376966149692,1.5781692777835794,0.8317013514033876,1.3086413144286924,0.3837106257705087,0.8080335437187622
4,-0.30596038904792405,0.27095838204328193,0.7747741102532208,-0.5833218597897939,1.660523482529681,-0.25242854911197876,0.6841714326246271,1.2257309281784448,0.608136676456021,-0.309320159479025
5,0.25487704683659446,-0.8034831810709283,0.9225132645980695,0.5124557881498114,2.1652019837548337,0.1366640194582418,0.8782856657384686,-0.10544382774289174,-0.4940007680077531,0.3526947843320174
6,-1.520512311662318,-1.0175254243122511,0.4921485123996944,-1.543920190039133,-0.04646477226357326,-1.6325307031082255,0.4573485398605152,0.09058419075998649,-0.9103022781344096,0.031615656331480835
7,1.1996959672274763,0.3440901224359116,0.049760656083597275,-0.06676304495479182,-0.15428032801281233,0.584939182035388,0.0424835402787258,0.2491125193579577,1.0925677285513906,0.0004727372045252925
8,1.701962170381197,0.5965299585171494,0.6392747401117473,1.135018089153288,-1.2691528666216199,1.2345773319764246,0.6148769871369903,0.649430930250624,1.395764201600091,0.0854410090085534
9,1.0759538555060801,0.5176516541353755,0.7425169953373386,1.3729681443654511,-0.5014286183833901,0.7702494784234206,0.6527813035879215,0.12297621143358373,0.8844996643644899,0.239682832952729
10,-0.7649780934839278,-0.3533747849016131,-1.3979450507078786,-0.5074458087531555,-0.9721778439662802,-0.39236461011230933,-1.4577180211446925,0.38583503850549267,-0.40674128996600006,-0.5279168817694151
11,0.16149913272519914,0.3622030869156043,0.7458521585298403,0.4683331037995255,1.318544518718906,-0.16995185885569844,0.698563079773248,0.008071139874434922,-0.6896757207966133,0.2927493239287695
12,1.6131634264349992,0.49205335289759716,0.7316062744047659,-0.2889983865670275,0.2689724609209872,0.5183560399823878,0.6619444383263613,0.9263295461661163,-0.17923660664058852,0.3804142577544737
13,0.5266021734073953,-0.2971866450326385,0.7493369513258376,0.0013317404074722214,-1.0379526332397553,1.908446549548658,0.7184725619564638,0.6625167761378993,1.114471942081835,0.6756610679932009
14,-0.004019853278416861,0.6008482332444388,0.6687073015549008,-0.6523420255658396,1.85062838193099,-0.22597933470032702,0.6136880899425304,0.16735745862416831,-0.9108559423261255,-0.13810387373783176
15,0.4048903658855993,1.211577530918244,0.37232192964927696,1.283200963574553,-0.1601911229067963,0.09819784243635676,0.38372559366580994,0.5946599057439992,0.45377527736225104,-0.17057907203213604
16,-0.12943410657135,-0.42500501152128295,0.9474421441778055,-0.7889403143557872,0.23086374659054817,-0.9850554976804426,0.6864859200830845,-0.0619124886601759,-1.3621490990305851,-0.06387434341794679
17,-1.1158912271842831,-0.7275806923766333,0.04685034471545953,-1.3840685359944347,-0.636924661124151,0.1273689067694206,-0.03333782019656475,-0.5753356803995033,-0.20428907990436354,-0.5415668602208307
18,-0.33535233242633505,-0.18162284194215492,0.4241609402773885,-0.7346834823314483,-0.0293415748085894,-0.21470864054806915,0.4024703293679781,0.8185101925005842,-0.1297467202466896,-0.49889057816802246
19,0.0635473295265627,-0.41416355903876456,0.8266389751513112,-0.8340611492403219,1.494240691719367,-1.2033026974703993,0.7085822545464444,1.0695807447525207,-1.3747391047381319,0.5622388316553099
20,-0.4158355751916304,-0.7283609697327335,0.46444987334724086,-1.0532369447133478,-0.5844664788965613,-0.6261432042887158,0.434461894064001,0.200247264492784,-0.9560732142238401,-0.6775914534160254
21,0.15397202490471798,-1.3006654821230705,0.3701589259533836,-0.887756460272246,1.5628726846678536,-1.8677979115677132,0.320997597295952,0.7254905489646685,-0.7315381783823711,0.2185049768160226
22,0.2783906238933695,0.583374585226951,0.23655278671102928,1.3824923484125746,0.5662546602738927,1.6543723970984918,0.2104958965021873,0.4513240176606606,0.39476591669738254,0.5681419870302749
23,0.9046287930975033,0.911931294526483,1.0605387098057746,0.7481029313933224,0.7485966650978303,0.16091551328133918,0.9118920046183192,0.49359331826138636,0.31425644532576863,0.4981363765687571
24,0.027494424291361827,0.363945767112765,0.2599847714529016,0.35904644947821646,-0.8459074677136936,0.2516706729619651,0.2383405393490233,-0.41640895381610604,-0.11404648837014551,-0.040620672704831995
25,-1.5209254104943846,-0.6013298168742078,-0.07133843080302898,-0.6743468219700512,-0.48806270020339476,-0.30624112011887406,-0.03948365945356283,-0.9509590568893793,-0.28967259208110807,-0.00823226569920264
26,-0.3241863256445525,-0.16276934782641014,0.34166829872284943,-0.7632652675201291,-0.35561713130845446,0.16028028585021958,0.22703942658316784,-0.8754923960023807,0.2602238884360125,-0.6843682250641909
27,0.7531538305120815,0.21315570281935714,0.14309679081110963,1.482368108792453,-1.1590912814304242,0.253481926502254,0.04338249016841253,0.2834255848667767,0.5371759368989459,-0.4417022413745315
28,0.32940860410008266,-0.17757940991948315,-0.27007181568036376,-0.5887683765389343,-0.9620932675522668,-0.38313516264324093,-0.26002708103605915,-0.907693588427138,0.7145798088542736,0.2681644295319971
29,-0.9557762391696428,-1.0038592980059153,-0.15371072787128298,-0.6428762060766554,-0.41404455620069336,-0.8132147011463923,-0.11316715765510427,-0.8158743289174747,-0.7555491263368378,0.05392657730894797
30,-0.06992271404022106,0.06524814284520655,-0.24014990265439468,-0.7052511491821178,-1.4419340090057902,0.24366322689803066,-0.2684275814179534,-0.5403078468558327,-0.14164757710424777,-0.6934259254033175
31,-1.1629629535437256,-0.16571032514334452,0.05954960576861756,-0.6266387555876449,1.037470640324368,-0.9333228436718287,0.1056275094247209,-0.03493011140123308,-1.4966271837927212,0.13544113605054664
32,-1.3094679861389875,-0.2463249361141003,-0.0011245949592841038,-1.1384418306924462,0.20050475433809578,-1.6036069671166981,0.03530010681610781,-0.2815447684830946,-0.9306666107113495,0.07743351050564494
33,0.5908532995213431,0.3344028628964311,-0.23030815375494093,0.44667942951567924,0.016059398980479568,-0.3494715780999419,-0.2571618962694376,0.02264949848466155,0.2681007473644079,-0.1441792731630645
34,0.6930301444321179,0.6540748507504371,0.039489111050470795,-0.15403620527520273,-0.7628324241571804,0.01562461795727063,0.05304839863065157,1.0120567333987467,-0.1704346313517634,-0.2735971510108255
35,-0.7633608331998536,-0.7993158161484447,-0.07732874079044592,-0.941849432834756,-0.010919238690700512,-0.46817321393016625,-0.08011634719847224,-1.1518407090922278,-2.0430831127119227,0.08818905072021506
36,1.7278296914274307,0.1840348532391545,0.5390777078983482,0.6606122780785074,0.24684503051710538,0.5514790486074486,0.4606686340394062,1.06508953961678,-0.38142505794650255,0.04314353267400643
37,-0.01958863845057605,-0.08086165359333372,-0.31685374923125664,0.0007272695895168772,-1.0225436927749083,0.2958230710465654,-0.30563965841451757,-0.10045468812081758,1.3892215181744851,-0.1713189616779494
38,0.24088167111871636,0.5478000427999616,0.3813161270774303,1.3777739353703036,0.19612152615888104,0.701978073439843,0.30088695168415064,0.04223576396422256,1.099319815109807,-0.42781530316299715
39,-1.9724212146017785,-0.8701414466742509,0.0012815423384526636,-1.4533714819132322,0.14429509722394768,-0.08250487917548191,-0.012418475784650345,-1.2250287605070682,-0.7892417443581465,-0.006444242996362142
40,0.27845220478563387,0.5310354212227306,0.49968260177841334,-0.9259520639467174,-0.15905972070099328,0.2567597775453968,0.4770245205665355,-0.0863662766269062,0.6934779141422105,-0.16137598887417187
41,1.5695286972368665,0.7123098077571133,1.4733165072826957,1.2685317827700602,1.4832691587676348,1.9464633043451574,1.0295341790321542,0.9489285206708646,1.0403723318923834,0.6167169146680606
42,1.7168438487920186,0.2952518233386806,0.84436883794282,0.36742893934260007,-0.9043492980166741,0.5353176183669246,0.8590468858538053,0.7091014794942093,1.292247960387879,0.8355321811250577
43,-1.2621419266127663,0.13434587464863612,-0.4706275679532608,-0.8910421144050616,-0.41604763155399804,-0.18062318488870888,-0.4771019109402416,-1.3050420348012175,-0.6646390084202315,-0.518515399044566
44,1.0638617754808835,0.1978889166382295,0.2172563200463376,0.4858309475285992,-0.2738443517916304,0.34470551858390447,0.2214993963674865,1.1781245027430334,0.0700048838659016,-0.01261520937326881
45,-0.6190696012624024,-0.3532761530161189,0.03813697662766837,-1.5583950132068742,1.1535440742991971,-1.3531748514580908,0.032406775791598376,-0.0169693976589328,-1.3247359927063331,0.20084829846782168
46,0.46513354077375324,0.6113087373812368,0.4598341391064841,0.29114178856904305,0.46535939243514907,0.6676513046856474,0.47172327290663196,0.18673726591550072,0.8053322156724196,-0.47937004210231476
47,-1.4285029075972855,-1.1502159272283594,-0.5988916418715756,-1.1536780982637205,-0.1029326227142947,-1.980065378822652,-0.5637661099208873,-0.9843506534349058,-1.7676452813216308,-0.1399428773738092
48,-0.15165415760199086,0.2881006324080641,-0.11161640529853076,0.07287468844819665,-0.4128280698573878,-0.5685896062919064,-0.11024495533649614,0.14978401429859195,0.6550782573252869,-0.2796978359208792
49,-0.4239338507437349,-0.6244137846086436,0.32868517620361026,-0.12720361598572408,-0.7116342849747114,-0.6066680826152935,0.3363100959938096,-0.2925644252486271,-1.288252351087051,-0.07452050573045048
50,-1.445928780571532,-0.771007499473987,-1.6460294018598118,-0.321667196515756,-0.45241950538721454,-1.0770145953528842,-1.6252260970587875,-1.4210540508441798,-1.5165946651823021,-0.6985286045953019
51,1.906030667693222,0.6391981822061384,1.5988981136061418,0.41291074934522887,1.5131896981691375,-0.9435474420186214,1.3589213710425043,-0.08279227381382222,-0.43500463452051963,0.7415381447547769
52,0.0037720807917849992,0.7748993059146059,1.6098540534803163,-0.3286679357136182,1.0415561511507396,1.2210636915092816,1.463412001995604,0.37864321573311294,0.77577759375739,-0.3098173674953344
53,0.0034772954570069896,0.1008772619513134,-0.16858762555600124,-1.1766810573746291,-0.035449913159016626,-0.5902316057114798,-0.1779996143501508,0.4975361927764267,0.39629672021518175,0.05715373434777092
54,1.302707367818474,0.3298392172794688,0.0842047369361531,0.34355902377605363,0.21419679016365623,-0.49451212484870033,0.08563219149697529,0.42405792915343926,-0.7943237971679673,0.7652256197338159
55,0.7631966585172186,0.34242259154958987,0.45664763993209057,0.30047710680759293,-0.13788764574184342,1.1966818072105727,0.4510458888643989,0.257951222999887,0.9936256353083547,-0.249444496701569
56,0.8186143661916838,0.1821731083777188,0.5283053513406871,0.09585926415198305,-0.09186333012230459,0.561623354034727,0.4726784939987723,0.865041495053906,-0.035671293173691145,-0.6148201636232851
57,-0.041676991762793554,0.24491272135449682,0.3258777576607,0.2600369423801459,-0.2639646795934721,1.1097037565870622,0.3195628853122154,0.26496157406831583,0.5778072147783367,0.15596549589170342
58,-1.6381331195778683,-0.55277084837533,0.4795180789512551,-0.1901065294703722,0.9079175085952833,-0.8568203894462381,0.44711519576123854,-0.38196065922876604,-2.008606613961214,0.026198879361184965
59,-0.40771155143871846,0.25481014979550365,0.3441881524645744,0.7849796161984197,-1.0320940279036075,-0.5833866254336723,0.2996268625650865,-0.1565989940570074,0.42242768706273465,-0.7664164677025844
60,-0.9462705765431805,-0.9881633675507583,0.20190145734948295,-1.4983307091786386,1.4088912415971455,-0.9358679103927453,0.1623828616083863,-0.6918738131381195,-0.8699864067518033,0.23154652279796353
61,-0.49762629434720673,-0.1260372572206091,-1.5189908634056106,-1.0043332988855826,-0.14084996580446646,-0.8240621863622689,-1.521443172150936,-0.5246517140764523,-0.39537442695157055,-0.5868764454994357
62,-0.014784732770842272,-0.7472703532960924,0.0631326785279671,-0.5932322880590886,-0.7699766785367799,0.9601001100024725,0.06145378438137539,-0.7425831089051702,0.9818329958537477,-0.30391640633975087
63,1.135580915920022,0.15153692454335912,0.45664380003410476,1.4902360551659517,-0.2128657492817944,1.0369464631173426,0.41229375181535766,0.636813509613986,1.0545932462043115,0.241421184617543
64,-0.19608640551550433,-0.08444464381435601,0.6622208863216359,-0.4665019356336531,0.37976594906291844,-1.416546620371338,0.580276096473475,-0.0008551348312646999,-0.867560571983677,-0.07279132798804681
65,-0.32883375064244547,-0.4546130980940091,0.8913784339271738,-1.54977624772825,0.09471020506319014,1.2519644484869452,0.7828868337345585,0.5756650531604162,1.0628469505098368,-0.43171294705686813
66,0.6292712123252593,-0.0919071743424554,-0.25804781911261654,-0.8262889606366235,0.4904383195759501,-0.015529422564169663,-0.2419303467872112,-0.5359731092639661,0.4651340275873136,-0.11212509080745013
67,0.9065571686771812,1.0090399137857873,0.7680743217099487,0.304805267372335,-0.15879356884005605,1.1719190970449627,0.6967521594058338,0.9896461349066736,0.901303762912822,0.14201388587825203
68,-0.9540645030705573,-0.4615938240118823,-0.3931083180960852,0.9150221052313733,-0.8830153917791026,-0.7153454623680178,-0.421838053610907,0.26748906348353796,-0.8863789963635168,-0.10689036349884351
69,1.2746559885921263,0.880603608940197,0.6371422140970285,0.888384033571738,-0.44737239151902497,-0.21728075073245884,0.6032465733018509,0.8913698485091148,-0.0511651864543016,0.5895297700005833
70,-0.004979025023065546,-0.04218812144885873,0.19302560134477464,-0.1702541178054861,-0.265868027551853,-0.7730658396464267,0.24262527958029875,-0.2528420214729872,0.1276961310783754,0.16099585265322502
71,-0.17950046510657064,0.0017792809254163627,0.10512482325508976,-0.37536625683639746,-0.6706808569419734,-0.4915151098586885,0.09445053245945047,0.0648948983576779,-0.3284453117710552,0.2950620586628535
72,0.8179399061745009,-0.13516755352545262,0.19571436728501,0.5597721199033329,0.27810637799982885,1.1853810286707498,0.14190733642269784,0.19853022786660712,0.37198595028685205,-0.3432233198310047
73,0.43521415433022576,0.4289890021187443,1.6104217487116308,-0.7674247111547994,1.7627137201214946,1.4143191131942932,1.3448703416200367,0.3040403972611651,0.2405496962255304,0.5146566294787353
74,1.4879009535581396,0.5232167630738968,0.9030289266826419,0.9497758080571013,0.93350306549463,-0.030321150753400434,0.8258786218980266,0.7314593571660697,0.26928724826683575,0.8681856902362949
75,1.1164220146795591,0.37435125580615675,0.19941014088495487,0.8166929544580923,-0.4416223355267129,0.2641717312486567,0.12884142627665154,0.3877089573991438,0.6181558641307229,0.1049564599610691
76,-0.8712866607013222,-0.15083088570827832,-0.10955874450174861,-0.32255537089439246,-0.2976456875375535,0.28136740513832903,-0.07542128358856541,-0.5565929802915327,0.21892685234028153,-0.3860709287917243
77,-0.5519119097524853,0.20303486039538454,0.5360860998020623,-0.8476980270811241,-0.8666838293182622,-0.25737014213456727,0.5325459542409943,-0.3387441449685632,-0.5035337746763967,-0.4508400159070589
78,0.8501775401261232,0.6124219370295044,0.8711607337196018,0.25183203588611724,0.5788326313949246,1.9728571528098788,0.752552944519592,1.4520871159265334,0.5810526720843736,-0.22359542506126148
79,0.8190479849313617,0.5634109542619279,0.24433791984085307,0.7619687702943039,-0.5712489463637686,0.2894242173758342,0.235443124150212,0.6799925577154609,0.77296752126425,-0.1739342885951348
80,0.6328563455734089,0.361405740532589,-0.5451514962228575,0.509296684280511,-0.5798693719481314,0.4513334173117104,-0.5751890713355745,0.07351138176537417,1.4605356356808592,0.1757997795962981
81,-0.08762506338958304,0.4752906307042214,0.939370883221496,0.25414244730617286,-0.43670571294604577,-0.5408469336832751,0.8317357700857015,0.9864876549180608,-0.06282206466359419,0.42907282696016347
82,1.536212913657739,0.7492452112939293,0.7223919989637133,-0.44530446224764086,0.19252762209280241,1.2467943520456062,0.6664067213421742,0.181034020808455,0.5049497984548476,-0.24508182644767898
83,-0.7871832560732359,-0.21091375352187353,0.39014259398683276,-0.738572398873257,-0.6371713830623064,-0.31006877483460993,0.34746616135408404,-0.11205028558897792,-0.36497831563927424,-0.09877333443849529
84,0.9388649989241233,0.28218076992641244,1.1660918587957312,0.3371265812069896,-0.38724645289813436,1.4271887824717717,0.8463858315382751,0.9020524968713847,-0.3859889700391536,0.08265322173619513
85,-0.4114414301498932,-0.25239191847595616,-1.0650158543202484,-1.2056633320191388,-0.10546558740882245,-1.7826069416173802,-1.0357887499635692,-1.039550801793182,-1.0527090058785886,-0.15749663556779642
86,0.6601329084273114,-0.387857474517369,0.9623787565173679,-0.4478037079137039,0.9101135597803041,0.10718361535164789,0.6890393890332803,0.3792384269443702,-1.964350052445969,0.24453830161943446
87,-0.8207210963599807,-0.47171158782040484,0.7460530399124459,-1.0271527777073979,0.031840528829143226,0.7968243787869396,0.6553737076830474,-0.5203757495411597,-0.3540749267475892,-0.6655461077507434
88,-1.125437934553451,0.04631096402395186,0.2786737488719778,-0.5627621459923055,-0.7726865683025397,-0.6196999908433574,0.2845961080188559,-0.03123995679392521,-0.78396674014488,-0.38162545383880936
89,-0.06689154140807188,-0.23363568696160705,0.2568274991976343,-0.36292968817493565,-0.3777754864753946,-0.7503265724523073,0.26646117357420346,-0.7122976967818262,-0.6808555441954052,-0.2540490473387259
90,0.3858421539299776,-0.43245892083173443,0.7483440247034809,-0.7307361414505421,1.4966639908804005,-0.6723853651384475,0.6720975196598323,0.1447247871969824,-0.9652873739426359,0.32342137444730834
91,-0.38607737940895115,-0.49654214644583056,0.013175383530446274,-0.5526823868189523,-0.6466815860369217,0.04991775778109042,-0.04784524095055265,-0.10778469686240444,0.9076860192015581,-0.6638197834261228
92,-1.2879628196884179,-0.10744621368183438,0.48295542524663293,-0.6798868727555217,-0.4069245535958717,-0.6443121549826523,0.3295953335110081,-0.7053288859268814,-1.169549634480204,-0.16285302505928398
93,0.3831046783362019,-0.610219450956347,1.6099116369990571,0.621046083946494,0.3140305271780152,0.06192064418192265,1.100261805947293,0.597135508295428,0.014136072528017234,0.3052023159278326
94,1.5716629697492568,0.420506251200536,0.6153673235956574,0.657734861975883,-0.8121434789175616,0.5062190217219685,0.5827103253195267,0.5357748221223834,1.0003311081093438,0.893961689698628
95,1.0970363394464802,0.3196688010566998,0.007528520913326791,0.4901524388896167,-0.22380031868202518,1.0762659936769967,-0.07374422689286918,0.685698808742758,1.3210462928144548,-0.3277443788474683
96,-1.5788061852648974,-0.7063303687795855,-0.00708267176810439,-1.662248730179292,0.3515340507911631,-1.977603051151468,-0.046690235170687815,-0.27074322885469987,-1.6162619841482189,-0.13661558702143134
97,0.5568725333877024,-0.05141519228857799,0.009850711159748556,0.03989613450234748,-0.15754165019417188,-0.08725790335090161,-0.0005310658246525582,-0.0596463349434794,0.14610652830389687,-0.3107980040834771
98,-0.8096605541118947,-0.18344398994835998,0.2881852299435495,-0.9078753987031365,-0.8111369325654189,-1.4244966428195385,0.27313297974693396,-0.24073835688983436,-0.32853753149065446,0.043830880392722586
99,-0.574581323038312,-0.0035617315401805724,-1.2357283071315355,-0.27939285538063274,-0.15222332129352115,-1.2849103592282205,-1.16491341333971,-0.45637348791013277,-0.08711791597406966,-0.2661357322200578
100,-0.4742035183444903,-0.26625953568013394,-0.202257846153181,0.35341994450324254,0.3085169101443417,-0.22746919513219846,-0.1517068775828747,-0.08198726368161406,-0.7012321738503978,-0.2622915014060639
101,-1.3110694712311344,-0.8723070255775863,-1.3077033238121825,-0.9459511503569739,0.3123179361237845,-0.7675634180919928,-1.2685300971531774,-1.5738861295450315,-1.0662596053875881,-0.22497757993671108
102,-0.7848500433598135,-0.5698838750085647,-0.1666336557045735,-0.5919499140378632,-0.7096263292090309,-0.001820143029804655,-0.2015628961312055,-0.3296022289508059,0.11285023256170272,-0.07533578209576604
103,-1.7771917943385762,-0.8597994869277146,-0.6776445325292914,-1.0601946015945738,-0.8283078725926679,-1.115518658009339,-0.6698281401897619,-1.1373230907359984,-0.8785801271868833,-0.6107717016768547
104,-1.1855381231893007,-0.799152948807463,0.9685384127337819,-0.03165117031750295,0.41060027322735326,-0.35565460952732963,0.7821719359580269,-0.7522662030356612,-0.1480906951749559,0.020478883985430997
105,0.5234728457641897,0.2641233277289008,0.7700440897791516,0.6366647573790021,-0.010314978338065273,0.1511120245696569,0.8379097292666262,0.5823394242899712,-0.8311359274126446,0.02608566350084658
106,1.001560582419332,0.549903290145852,-1.71252125621177,0.4063930796025731,-1.2795122715493574,0.4493364600189226,-1.663182891051796,-0.5088009806338025,1.4010336824351,-0.32465132848069983
107,-0.4583055048936279,-0.41013055376233004,0.08031980276375622,0.4743785424749677,0.1164961650100022,-0.2068168093025449,0.06508291768075301,-0.0069183732924692,-0.1459146047183158,-0.4926958501197305
108,-0.871164775074202,0.05275069453499291,-0.0457309844585912,-0.7639675110989096,-0.6539358325582055,0.27235644100372913,-0.020899460899426764,-0.45140051042269697,-0.9747867911260278,-0.11712160072831329
109,0.4414373249032941,0.30600841083299724,0.6080075468585661,0.10040692178508762,0.22313992887763398,-0.4660030090229806,0.5746178632673778,0.24563902623545494,-1.2092157099956369,0.2954781586629615
110,0.9747945561687301,0.23490964878201073,-0.3262065317710484,0.8404333850890509,-0.3801193313583041,0.5545523957562373,-0.388996934306518,-0.44372246677993865,1.0628439706176123,-0.18352756993066466
111,0.2625964393173618,-0.06478204219865394,1.5996641929880118,0.5661494200405993,0.3395493674801988,-0.3622461646057211,1.2444539978094558,0.7067700777317413,0.051674838720017116,0.4603630684892675
112,0.9858522754202914,0.34661041468250126,0.31953952500381916,-0.20576324636223975,-0.29104333954208156,0.26682498398298704,0.3212978588544603,0.6845306286279116,0.7374834271020555,0.4189595712104384
113,0.09949420470427248,-0.12525950332106833,-0.1861981858569148,0.44469793035569044,-0.03541640475268022,-0.44668034417265534,-0.145705063791271,-0.17332942321579703,-0.23957628704165496,-0.17655498082635576
114,-0.21907210417326112,-0.5333007919546214,-0.5717705188339021,-0.5663474125919973,-0.6686408436614374,-0.05590553146123643,-0.5704081568670727,-1.2603454921489134,-0.1240243247391714,-0.08573410266807331
115,0.9758205155286,0.21268197705904598,-1.0376468423631338,0.6828011028429771,-0.38185639173567776,1.269692714854249,-1.0197185247251412,-0.3335549734342957,0.7911736849673446,-0.21854920907869294
116,-0.30097521903888536,-0.1012236432325341,-0.11845280034215694,-0.31796972679536856,0.18599991245864267,-1.12042670012564,-0.20353841637665013,-0.20049641400375445,0.25828555426669,-0.48968097215299566
117,-0.2821912850409358,-0.2663930967970113,-1.049992546619055,-0.8146811903777281,-0.7096522379438487,-0.040624754116888984,-1.1361374689541865,-0.5312751396780542,-0.21260171343724313,-0.24425643787375614
118,-0.06440384535733465,-0.037095984547727105,0.5679596072794928,-0.6478139361065943,1.6047225489042891,0.9253699640329263,0.5026222421109662,-0.12857442984340756,0.7691921696351834,-0.16720698665912376
119,-0.3941998470833169,-0.5673548768862691,-1.665475820528703,0.016679741980908998,-1.3260073703409492,0.4625669336193737,-1.6269584667962533,-0.37116375388651257,1.1083609110263732,-0.6385387237023809
120,0.8132761493370071,0.19014142527311617,0.3119294098866766,0.8800015833053794,0.13823520473219816,0.48576994509870564,0.29641325315492323,0.21510579939654206,-0.09420977322312296,0.24308797180581201
121,0.07703557018986895,0.0348583075978296,0.10471531595495606,0.2914496840301686,-0.9388665988465382,1.3872548023549673,0.13474329924180425,0.4638372945786352,1.1091192469970808,-0.05606731691263121
122,-0.681212356171788,-0.5662118088842223,0.3194116681007616,-1.0513476931386643,-0.15693955093961967,-1.3375700818931657,0.32476621855403465,-0.4736553513953641,-0.4561738074808716,0.2652275526945227
123,-0.05564571384860445,-0.22610344891677847,0.16965407288428583,0.5878578747790507,-0.1680972399858134,0.6540990060512885,0.14628996248135634,0.10210217210662109,0.4458703232802447,-0.623569665004778
124,-0.3063104913332905,-0.5430435944340348,-0.6512585456887994,-1.1820914843462003,0.042477416863150264,-1.2703409109887258,-0.6940709749046154,-0.6991511213265366,-0.7525648659189228,-0.46115239037122824
125,-1.8449998746960061,-1.2057196425990124,-1.6167147311153267,-1.7687766937271039,-0.1546773818307269,-1.8985415940212467,-1.6116579524294714,-1.3394320424889101,-0.815853218966807,-0.2559345828564335
126,1.1613802047757515,0.7773342206401548,0.05781902849620303,-0.4818449497344235,0.25224936863610664,0.9099573232091952,0.06324652643149904,0.25497246535579177,0.6214607547283248,0.08897964358775287
127,-1.4523395996072466,-0.7988441055996729,0.7803763641686461,-0.3399096880364717,2.061350571691,-1.5173077497932796,0.7131496555674975,0.13896569647150386,-1.3673559393147225,0.025061905119229802
128,0.5080461654008732,0.39396005162352443,-0.6254642137416431,0.8169689923818124,-1.0142750709388664,-0.8695682769106207,-0.5852204568916506,-0.21414787504288224,1.0827698920450268,-0.3872062483011979
129,-0.22979537038852701,-0.4661285688961022,0.17625452817724077,-0.6251267763200911,1.4393745123767068,0.4468274896533488,0.10943054038346535,-0.1982999230436774,-0.9862383848527834,0.04323822770282594
130,1.302800152440039,0.8825354222077361,1.608389354469375,2.217227354706362,1.3301318058759088,1.7289243246276405,1.132774869236103,0.7542627644973707,0.6587731265559941,0.1420099244268451
131,1.8635963981965968,0.7757371215037268,0.8218663169786833,1.5920150509066673,1.634644154917627,1.8941197885469685,0.7348363423207888,1.495041529515005,0.9904940906208586,0.1575588756357663
132,1.2580393545693525,0.7183105996189235,0.44063697097158017,1.9753669058133165,-0.7445403381897356,0.9538700808674369,0.4545645553001499,1.271500002581331,1.5825821613911706,0.02168597439612513
133,0.3316112534065989,0.7746677199236862,-0.7671172818034342,1.61722940468413,-0.45217606714808817,0.4746012056171817,-0.7608438091475797,-0.48159831468099823,0.26608875915217134,-0.6643791782839192
134,-0.964346176954139,-1.2313444864199423,0.28145948433411894,-0.7824649748090042,0.8512045963328201,-0.6913179988024755,0.2739533340214114,-0.3292116550270642,-0.17331438451827244,0.08739184820311618
135,-0.6856798740055767,-0.11958892737081053,-1.07357886880036,0.31921841206588103,-1.0099058759670387,0.9726140916087812,-1.0812450976310704,0.28894564956262025,0.5672790692660069,-0.10444536080792975
136,0.5200801963149039,-0.1641353890101513,-0.02508545476913222,-0.03330735384125819,0.5447553967710054,0.4522023049347648,-0.03432316436085399,0.12071073055868285,0.5896882418288603,0.14605732164967528
137,-0.1453572383118896,-0.30618328126889327,0.2525357718469346,-1.0767292827066193,0.24150019275894447,-0.3005457076159981,0.24791226555868642,-0.1946021792384924,-1.6072113041397273,0.1991848817355532
138,1.3303645481808744,-0.004330931913778023,0.30018560231840824,1.4240953950145865,0.16844984501364368,0.24416004343574674,0.30769073620342147,-0.3223602773747578,0.5249726487892524,0.4236190281135561
139,0.16703718878495719,-0.30024778819726106,0.487925121431623,0.5169729871071446,1.4288103589928671,-1.0541607655029794,0.4251914638777712,-0.03140777647708223,-1.1660493254292132,-0.17699585265293985
140,-1.1553007875932777,-0.16727000332907332,0.9667741601253839,-1.01696499598776,-0.11760103045958593,0.4681257015581192,0.7329481513778753,0.6143296679066781,0.12281081650593113,-0.14834796219065735
141,0.33050812430047255,0.27468182333734104,-0.6401080453614607,0.1646610050416178,-0.34369224701953877,-0.759545977033593,-0.6755536943942498,-0.4070762468812416,-0.37125890691826763,-0.5109540605841795
142,-1.1061144418071032,-0.16874021173896073,-1.405298317564376,-0.6386269367364705,-0.7796023876612669,-0.27232060723122004,-1.4343484133888598,0.12125733311757564,0.41632269842584463,-0.3574479682097388
143,1.0132050077184545,0.6049040959476237,0.42610316238051804,0.8789958855022253,-0.713313821797813,0.2695438769252437,0.4377337547655501,0.7290230798244024,0.8675291349352661,0.26019691722018184
144,0.20927391118360233,0.04819225852777517,-0.08353110717972743,0.37813719293074816,0.22372530475506525,0.4309523395080951,-0.08498119586526026,0.8029517431111858,-0.3537890332091921,-0.15772948355638314
145,0.5959541060456244,0.6733474498707835,0.47427177163766326,0.47935651609802227,-0.03634157938973603,1.2277694376185506,0.47142427194844877,0.313901701305042,1.5163385585326483,0.8733193026555556
146,-0.0524397238822402,0.5429831719723728,0.001991996988360971,0.21943424660874872,-0.4532258762272268,1.7198718603681213,-0.011327897868199308,0.1138050669274203,0.46707737863579796,-0.21673580046402213
147,0.4117087342933258,0.5523701861502589,0.10700718420114964,-0.019878399494456384,-0.2852184428294154,0.1516849969540044,0.09775068433656384,-0.6801862272130312,0.07991406931626491,-0.00947602941127521
148,1.016820022042585,0.6328696249247284,-0.1049837786741558,1.0788274271354747,-0.18353679417982083,1.01080017181102,-0.10955150527323028,0.7555786781156376,0.7951084286025981,0.0689646243772342
149,-1.543306560942433,-0.7958017218571517,-0.9430287757458942,-1.2945579006396473,0.039035468378903884,-1.9426907726556988,-0.9628447154917557,-1.4541210990568685,-0.4345373930719525,-0.10664153376066064
150,1.4442551457828867,0.7553868674406968,-0.12968512089639658,-0.2289995954107427,-0.45476709021398065,1.0109629624331629,-0.1850846450030907,0.01776847037235092,0.9900602247555514,-0.25458717065124364
151,-1.3203339559781608,-0.3167173793424766,0.054070868443948025,-1.3567344800176204,0.3750578663723215,-1.5145027753942255,0.08155219606826415,-0.9422827828573144,-0.8022830237046888,0.07469618920561659
152,-0.9721691041323915,0.24715813940324968,-0.011302067499439258,-0.7783898677380844,-0.22337437922729833,0.03549707333030697,-0.07667512420785952,-0.47073839249533306,-1.0277767998594198,-0.43432406567331167
153,-0.1807209521150028,0.3313869905636052,-0.8099145377383492,-0.7392023103843538,-0.3894131907911672,-0.08956535219471924,-0.7187254196429749,-0.6509164494614657,-0.8695004082764429,0.2439689376969036
154,1.4828560720148503,0.25687489070822417,0.46209456354842576,0.5488157922811865,-0.27813600361498086,1.207965518936082,0.49843388643457043,1.1081923997733243,1.9134395926543422,0.006614493072303168
155,1.1962093772444855,0.2587112380407052,0.5679811855510938,0.338694875537368,-0.6361288665137147,0.3070819509761784,0.5156434011838811,1.1761482789206672,0.45845088833213177,0.13321589921007457
156,1.0238962239061076,0.29166890708514176,-0.3741817581531001,0.6402290616318896,-1.0845055042647598,0.03264501048019374,-0.34227693733905545,0.48590804925535475,1.4905677813712856,0.16222955438756512
157,0.2659855884121433,-0.08410007159161645,-0.012350400869181998,0.16513861003483346,0.27775374062009134,-0.6951218050461981,0.012584250176178926,0.3736438856817248,0.16723523214183286,0.4377161402442234
158,-0.6763626513164546,-0.32503595681302117,-0.010527896417645734,-0.09175094370251109,0.010855453997859374,-0.5515686691730584,-0.045374618159865765,-0.2593542146095416,0.6159279841683274,0.01353441689640349
159,0.14905552521594637,-0.13156447407216626,0.05213752351151803,-0.0054206167875953375,-0.060272935522943875,0.44073741379590287,0.051809168288975735,0.5384692597233611,-0.04331554283427377,0.011519676443016245
160,1.372255598715948,0.05453158899847103,0.4711010415488186,-0.41122177774993396,-0.9897684564140247,0.3443507351807818,0.3888286152195153,-0.27545122202049954,-0.9051278830142147,-0.24337648021265457
161,0.79581156035797,-0.07491069107788624,-1.1268027486128207,0.18036597767028914,-0.40063092027453634,0.00765525278933075,-1.1085574978156407,-0.612450035971838,0.9535591710974466,-0.588342093733168
162,1.0110718785936101,1.075915087889329,0.332184635730491,0.6358111249644345,-0.3619557960781293,1.083148999986946,0.3339800223582903,0.948794552724929,1.4005996530106923,0.7288773276256845
163,-0.5864173734093958,-0.5787264001112625,0.30918780576992494,0.1169738946414909,1.3891071932832855,-1.4616549061717576,0.29479274966485136,0.5674753327932898,-1.9987975335601238,0.24681550976845013
164,0.5122610185914952,-0.1305637652304621,-0.7781389859906174,0.8413323368723915,-0.19324834197801538,-0.5939953116425121,-0.78492899573003,0.25320332843974236,0.2497654645199601,-0.5447870748384689
165,-0.4279409568803363,-0.478309800957365,-0.6802194725688575,-0.17291147697236414,-0.3796771017175059,0.20240013654170064,-0.6832281672525746,-0.6528576194559015,-0.4163559238887263,-0.5650026538284155
166,-0.8392232302799157,-0.5026759568226461,-0.011389481680794102,-0.8718489162357081,0.027631110511567587,-0.20647940176923074,-0.0817980593477417,0.06151589656156965,-0.11210634882300283,-0.6168843645546048
167,-0.35836452470451485,-0.30656048148039833,1.596309224829988,-0.08511433467726903,1.3163508800790504,-0.6392295837284474,1.3801874776240928,0.2110387296991652,-1.4813265793504953,0.04412906334743543
168,0.03299335379175505,-0.19595119693008167,0.3134481902951934,-1.1593050563489433,-0.09031194857530223,0.40743793407634954,0.254195575732211,-0.5668837261084829,-0.5188075108206067,-0.10341664770185899
169,0.17859308236506452,0.10423527755328066,-1.9461674250598366,0.14202575111803648,-0.6431735391036282,-0.27742805672110166,-1.9375076742010402,-0.5560088828044065,0.25665697738139936,-0.7211848366425881
170,-0.3125381163177376,0.837973571752311,0.43584785569745577,0.7773315096702053,-0.3954183794269062,-0.2361307104611277,0.4091017324671295,0.4126923437891924,0.06662029857937732,-0.1728569576761166
171,-0.35518991766522257,-0.2236699931930169,-0.05350403616345189,0.0017661223441012217,-0.5171245361099615,1.2110573583926874,-0.08822082350487277,-0.11070514131999079,0.2888163803245539,-0.3918165490813869
172,0.16731603563263953,0.12224749145961249,0.06089188821109247,1.0092071069845236,-0.17783517047524872,0.512766819786695,-0.08522003167547955,-0.6771424463253326,-0.4185680739218749,-0.5803172540351468
173,-0.8914566678023136,-0.24931813075235643,0.4945505408268745,-0.3759008319546688,0.8750895280847555,-0.8189497821106854,0.4358595008641421,0.4663231266883121,-0.7205795418013812,-0.13451000902677482
174,-0.6977670854496146,0.3197060639349899,1.528278375910669,0.8727353251551244,1.9209996731443084,0.1382404297965582,1.0340852110912957,-0.5483078185380938,-1.2253927489001468,0.23916441544509576
175,-0.3576900773644151,-0.5051203501599548,0.8624129367139438,0.4047545127451484,-0.4578396616684456,0.16891092914752126,0.7135868352386395,0.061462319823216205,0.17745593877738797,0.22772830393431134
176,0.8697582474094818,0.8661837892818478,1.3626478762838101,0.8881649654033824,1.7826791925126584,1.1662432949798398,1.1149071498706482,1.0806588415792304,0.9251736986295117,0.6979693636199596
177,0.3375424583376267,0.29151191181903613,0.07983181440198059,0.47717667650217044,-0.3755279392852027,-1.5248660426650362,0.07645825010414506,0.2551785842059022,-0.5106942277662435,0.43357088914359726
178,0.8794758675187938,-0.0795514048337195,0.23279267300556805,0.916377653168141,-0.5591452578415174,1.1474937603481885,0.20729773015307934,0.9073520088199416,1.3134078668613876,0.22837139386506633
179,-0.7616183647503874,-0.5113220851499234,1.0262319183126452,-0.9223662434569283,0.3000027282983224,-1.3496466391600657,0.8202045856066297,-0.3179056176205265,-0.7659198668218368,-0.08703008586314623
180,0.06251544176570076,0.29240628933767215,0.2665855133434959,0.564821813782493,-0.23541129491777543,-0.6583287589060084,0.28715468042276127,0.12335041961015664,-0.648935431421795,0.5627107344542045
181,0.4681601163643525,0.4773940392557719,1.4962774994007844,1.1926431859354292,1.25589240814291,0.9596582548475505,1.100095072766755,0.9145947673766411,0.4470025398536374,-0.12597364339235828
182,0.1680688423952054,0.26008436938916224,-0.6135722073157036,-0.008165055710633525,-0.1469502229671527,-0.31760679826501437,-0.545688857596206,0.08802016840986235,0.1369212532853684,0.02780113147305368
183,0.4905198682995454,0.5169404899259505,0.7887328622492041,0.7998588857206941,-0.3425118979750351,1.2023006635686277,0.7826706910318486,0.9772781885378918,0.32956942393104305,0.5962693829255878
184,-0.9602452858630188,0.006989447807758711,1.6052868610620135,0.4351772034770315,1.9119104411415517,-0.6087979518191019,1.3772471404083448,1.1729629174491492,0.13470466819665491,0.19871018062824472
185,1.502745774527649,0.6238436416344632,-0.06521856800733472,0.63612572743866,-0.7922717325786265,-0.05840877853585973,-0.07287217525857405,-0.19447761678284317,-0.26232333510175077,0.6790388512087592
186,-0.27497341383282464,-0.23109035496583208,0.06298598101099875,-0.6209965232530049,-0.033487877503708796,0.5128145231458002,0.1366025375824171,0.5002404615355323,0.5098498453156921,-0.1601898887861802
187,0.5510048414632813,0.1482925254411652,1.2669397047242,0.9585238766816468,-0.05543533444389882,0.3395182133032733,0.9413994934141132,1.0029052063562762,0.10789094137389658,0.24941916774573475
188,-0.7075634482893538,0.07055113018032802,-0.840092900005649,-1.012959520335626,-0.39480892603009293,-1.0858705202654413,-0.8827361757083997,-0.9106315282867146,0.21758651546599564,-0.5351054607106768
189,-1.1046194038682857,-0.7006244586939073,-0.10617284029806483,-1.2728932429858184,-0.42804135687363265,-1.25850980540884,-0.07842972604839224,-0.9611718506063571,-1.012243818722368,-0.2487650853799459
190,-1.383156073775442,-0.7403899840175013,-1.5937492253395136,-0.4772459619941372,-0.011282696603365224,-1.0805237037593125,-1.5266432263820342,-1.3015534333438614,-1.0311719531617278,-0.21600106656387824
191,0.8008215598384602,-0.03993274211257195,1.6023239519409842,0.9478093543754931,-1.1181793911689302,1.3964008048585093,0.9686229070642078,0.8839035852189938,1.5412838653682088,-0.26343525006090523
192,2.089949505468838,0.5615826379529576,1.6276450205262734,0.25166400298639796,0.9578833950723434,0.37951454164592174,1.1142945093375356,1.836709150795018,0.8385047230947982,0.8254255799637537
193,0.06081703283709983,0.4033202672837194,1.6031389383454038,0.4672115830210925,1.5322058390603246,0.7663883743560421,1.1169409199433127,1.4437061216949945,1.4294837838286711,-0.08772315697214302
194,1.0495750935290347,-0.0078019471036143385,0.19992047116173597,-0.02936252329218504,-0.11867360000727556,0.0805095682891249,0.18032051329583282,-0.4989298104001273,0.8393181119168838,0.279609112632
195,-0.0360010881393598,-0.6106019186790466,0.2341469054974288,-0.7663064779952186,1.3290493192441386,-0.33034628186666226,0.11476005065492938,0.18020240490063566,-0.48107461641933735,0.11374547792590697
196,0.8824360101622473,0.5542230210315602,1.3261512944112512,1.4042719785388713,-0.4433734934357145,1.2469600519934616,1.0249264116604024,1.1590382483476696,0.3518115213263351,0.052131086263358384
197,-0.2727423829296434,-0.22460753676826226,-1.6883301692179031,-1.1905546699332983,-0.10115659327761423,-0.6705483432261385,-1.6750997282903106,-0.3055769968796586,-0.8096378700772394,-0.7309749328249006
198,0.511772432341493,0.5798100992353709,0.9215899934843698,0.5655715473362758,-0.39777967765616007,0.8158287117450883,0.7934519798002182,1.0819849713006966,0.6659873189834038,0.6198838313826637
199,-1.8668606788243662,-0.9591770354914648,-0.8733130045527521,-1.3049780165532656,-0.3446183446038397,-1.4710193771088218,-0.7861807280672856,-1.0012463300556782,-0.7865241080674178,-0.10650233223432948
200,-0.11315625589485227,0.03989923303405484,0.32312175948197447,-0.37764463491465317,-0.5616370475862945,-0.16265937359001612,0.3024292210606299,0.24567232725898575,-0.4360020987058367,0.1010601265434965
201,-1.4160401102229874,-0.4090298682786541,-1.469998104916867,-1.6208887601930755,-0.528297336594047,-1.6680590225417466,-1.4282010393509552,-0.9848740906329011,-0.16674347334065975,-0.6551138729310827
202,1.3440839195292822,0.3333750104512535,0.5561271091721824,0.339359176902691,-0.9519628255208581,1.9112194189252354,0.5217072197472724,0.4640541370855024,1.5432725404258367,0.8432572664361296
203,1.1501144452282202,0.8620394252045516,0.1939651989132288,0.5837624920197948,-0.2595807494249537,0.17755516459099766,0.17576219245791097,0.6492904745968985,0.9027989842173896,0.6227682183024329
204,2.0894498650310287,1.3556161671713907,1.2938363430688982,0.3912877418642474,0.48516128541503956,1.0947866864178668,1.005394577306914,0.6289273615002596,-0.3386369919959877,0.07170995804140606
205,-1.059849369651153,-1.0850643590657019,0.2103729374962025,-1.4685120254027149,0.6722787440225488,-0.47880868885601285,0.20164426007175806,-1.1309842973440707,-0.24717318080177655,0.109812027893219
206,1.6300512805299108,0.5243663110462446,0.8233460543581107,1.3697747282544002,-0.39828035617855984,0.5585972300743491,0.8473977693231876,0.6267840880556592,0.4109298184000025,0.8157024196069672
207,1.2129670120342941,0.3587950126565006,0.1632943508404743,0.6062606776018951,-0.2100734346456272,-0.1540745272294327,0.16149805475004586,1.0893269337272762,-0.3799501401298631,0.6722554272372696
208,0.7541550416050413,0.8959635464864515,0.24626190290037875,0.9807545442196491,-0.3383915222396992,1.6250489135187243,0.2745631783616779,1.1344689275957045,0.7724910323508855,-0.27975985780141527
209,-1.493590298339968,-0.6313130240640855,-0.26804729081643297,-1.4860328836046373,-0.04970306547163665,-0.47253476315091975,-0.22485191248230835,-0.3548912285505993,-1.1389288400602184,0.24168298973016733
210,-0.5687450529889789,-0.5636302542997846,0.6512282452965986,0.8947200442093949,0.9008283080595719,-0.10133463296042118,0.6043740783422291,0.7026736453175317,-0.5338731525065779,0.2154174732581175
211,0.3150505837850437,0.3281740251086355,-0.35582140789771666,0.551136036209126,-0.365950076547243,0.3283981867375504,-0.37313758846165407,0.33170974614249077,0.8934150183461417,0.203349532653107
212,-0.20407308327774634,-0.10411215060190834,0.3216438126150573,0.09365097180995047,-0.5944705813125409,-1.049096366214973,0.300319406471186,0.23531480535596616,-0.3343292349925686,-0.3439657976403406
213,-0.3435228792391035,0.057027429680117155,1.4846535661748437,-0.7327630168838847,1.9200827848634316,-0.3618432158901811,1.0965667170598212,0.9408413178763797,-0.08237531250767358,-0.3773401133798501
214,0.2288033146805267,0.0823730960995864,0.8952546221916763,0.42678134745718493,0.6984799295956235,-0.15235600359024332,0.8733133235182713,-0.08682575993362109,0.12616393252426583,-0.05465449935176897
215,-0.1341403279804203,0.01386594020663408,-0.4875624270703894,0.02115515912976836,-0.11678229563661577,-0.231974111276175,-0.4187678147712685,-0.5077842524674012,0.8476330513961892,0.42860055879127135
216,0.6057038339031587,1.2125883508310875,1.6138130761962002,1.440128801142772,1.2157240776779172,1.4238462985085565,1.185798647836056,1.120279367729529,1.492515179272577,-0.1907133672503675
217,1.3239626887739209,1.1955058291139296,1.6203877339082742,0.4281213466229923,1.7091159777929825,1.1616511188086478,1.3203270216345038,0.8822225255712992,1.3225496141082664,0.16764047520249498
218,0.4239897127251564,-0.2553659035945294,0.8172426832016194,-0.48164578257670004,0.5767961806036086,0.38850891887852274,0.6548520605970877,1.3960085868266783,0.44850000018716746,-0.20486118435329786
219,-1.5076774231066208,-1.4139443561763239,-0.820229194472568,-1.6299012581361625,-0.4018997999123097,-1.875376134311676,-0.6930015468400338,-0.9274789596036194,-1.1733790767948808,0.11849343879534549
220,1.3912493877975718,0.8589906376932165,0.7510310561393835,-0.23447037043837637,-0.6490282156728767,1.4413871585896356,0.5726533320097477,0.2592298696210032,1.3505204154203718,-0.5334521614501293
221,-0.30602947932913566,-0.15462246155049747,-0.10320073684249781,-0.09223255283550981,-0.26965947092626147,0.2239360433548572,-0.19426047340931965,-0.2513492160539472,1.1650102125252946,-0.2698698276811968
222,-0.6252488172552014,-0.9568556582140911,1.0801094207201818,-0.33879350237640415,0.5673821745871249,0.1600938581137803,0.9091747526504204,0.26697693436375247,-0.08162424792402505,0.17267734612355096
223,0.6197430114703879,-0.20142963832081473,0.651168063242186,0.3211355728912083,1.251165332489486,0.3331805301366339,0.6162651691754252,0.24484466454078835,0.4499724374176424,0.2403356619053375
224,0.5219304088913742,-0.034939515297549344,0.8650792538087695,0.6237420120560195,1.5714199143723624,0.6610264934810108,0.784993022050334,0.5623581723470823,1.0180349646405842,0.2951928645026875
225,-1.150786800807375,0.04670265683407673,0.5516774447705496,-0.7531196617589583,-0.3037525110523095,-0.24568395255619951,0.4829212868614389,0.6231034196842428,0.3657475489500091,-0.17733797666267245
226,0.2668491788147903,-0.5534801195443962,1.0930239194530227,0.03428300135593558,-0.30856506197157196,-0.7924459573296581,0.8023536656447113,-0.9520003781881307,-0.799220001289075,-0.5813949016033713
227,1.6154003923797737,0.4916491418441111,0.5543918093930057,0.894820838486969,1.4876227559148936,1.268889873865528,0.43661084323295746,0.8696887906789827,0.4255361564495422,-0.34571583628263247
228,0.0360376032400241,-0.40124465120014297,0.7820995817220531,-0.5871391041647712,-0.7349259119949644,-0.5564284238833699,0.6344873573575134,0.2969302897168255,-0.4362859075457155,-0.1749502285658616
229,-0.6891704370253153,-0.1296499209983363,0.03484249845684126,-1.056140320570339,-0.7343072198930463,-0.04065185339998826,-0.001651474724498156,-1.1557840349425212,-0.6750208182652859,-0.13516330675529517
230,0.45533191720168037,0.1871562803988124,1.0688054259749111,0.28563687904560464,-0.88801904997353,0.039506118906982184,0.8780036173746302,1.096011012135865,-0.6014590564304316,-0.4700652649860406
231,-0.1226276262695146,0.2704279924576285,-1.5067581360222526,-0.8214465696271517,-1.1948269037896835,0.13975147505567,-1.5240459843856315,-0.4911110658158648,-0.7160552574046503,-0.6790149677402932
232,0.0753696284067479,-0.1410029361998604,-1.216107758235386,-0.42025721657275017,-0.9336128208254608,-0.3789110523775125,-1.1514318539101562,-0.32839469419638795,-0.2904693788130946,-0.4534279054109881
233,0.8551992736307958,1.0336677161373191,0.5992649654675654,1.2867217661700592,-0.5148518897040841,0.7288121326811569,0.5191133593256286,0.6030327481806924,0.9328217479051781,0.13192292942238068
234,-1.332344086306525,-0.10640175370575569,-1.536167072869222,-1.6203868272627997,0.17763908890654653,-1.2891479572130264,-1.517394843877227,-0.8271721481309329,-0.2684279717103932,-0.6310536786404916
235,-1.0399899890884778,-1.2800929504599332,-0.504934002301085,-0.9852483351183582,0.49517817318273705,-1.5368272883085912,-0.4954940837631181,-0.7985272167399126,-1.100242397891543,0.055579847358394274
236,0.34688059791911713,0.37395004547431115,-0.6161752044229231,1.4544678641178201,0.14827963878393707,1.508460348390328,-0.4890578198104924,0.6590834093100241,1.274032519119672,-0.26671358881103524
237,0.09540049760305697,-0.2340238011599493,0.6803271528357832,0.9357549116719135,0.03958957059865611,0.292031542695248,0.6439529862392118,0.10377190250303137,0.0420395400081387,0.010145268175627744
238,1.2602597613961368,0.5515903377903998,1.0288059895246564,1.883592481060141,0.19947867966691518,0.9054864142820034,0.97054173017278,1.1532126992522687,1.3939996603562277,0.7717638751726326
239,-0.32159114362701585,-0.3816070980654264,-0.8242004659465815,0.39065334345397873,-0.38791763824155523,-1.2329187395511156,-0.8658765244950171,-0.8123814686834251,-0.8986129844045163,-0.45888589128717894
240,1.4490770059884646,1.0923941428278727,0.5823411986383145,1.291994652544664,-0.46135827390205636,0.8792750538297376,0.563444403214594,1.0494790561320304,0.6038347663251551,-0.15805878608069646
241,-0.9315109659742825,0.2677237582543411,-0.8222176070473327,0.835556066197559,-0.8041684507475289,-0.6034663691314319,-0.8685789357837068,-0.16782417173644093,0.0827565965978625,0.027919566735182345
242,-1.0477867182389693,-0.06578980768205113,0.3878526325160484,0.26534980993465135,-0.2942542462828406,0.4719421992218461,0.20838903132256514,-0.11426420710337813,0.3561742266967213,-0.16431758210517222
243,-0.4387097584608148,0.6523097141133664,0.2523846411299725,0.08698476880770413,0.07747797336655309,0.25921649580281014,0.23933139892765443,0.5113732309030558,0.32421499501204687,-0.3230327389362311
244,0.8799228294794802,0.5675762979685579,0.11785775396187076,0.5804235923135902,-0.23948149371170532,0.29234395050678696,0.050534119772287445,0.37644630943883894,0.6092618880279094,-0.20319607301015988
245,1.1992094858570534,0.42510692021475566,0.09074880623646443,0.7310602602248947,-1.0762920409584122,0.7438160527721813,0.033451131527722326,0.5854323280954599,1.4200448427084267,0.2387595283367266
246,-1.135573805664705,-0.28826995048987225,-1.122503233666511,-0.14048800671369052,-0.896394031632493,-0.49497429282237626,-1.0291558524749131,-0.9942889770531336,-0.44391839020245516,-0.7277281544582026
247,0.3450161823506233,-0.32382432302758757,0.7381723986148971,-0.24524435554201357,0.06669747576117922,0.05477406670414453,0.7449052992452501,0.9946736400283689,-0.5318154505219542,0.40268990467402116
248,-0.7489179368158428,-0.47318696540562527,0.125216473896769,-1.0927711865835454,0.08616905229868649,0.011951707343736863,0.15127804110415985,-0.3093321792851409,-0.7351931347179685,0.222154468604954
249,0.792267096796087,1.031875266491909,0.4116383540517745,0.462429080699192,-0.3678801628903403,0.27132729724931276,0.41272219057967563,-0.2920396260448989,0.7752459465430438,0.6819966119126544
250,0.5082449926797424,0.8934382234616263,0.6116061342854128,1.5907002499120082,-0.4278924431780234,0.03367676563406548,0.5582245775303538,0.5595920822328013,-0.22751810601886016,0.6912611006222329
251,-1.4945677917026994,-1.4107275052260788,-0.06959180609576959,-1.2706568895087367,-0.16741809524140733,-1.7051806663323357,-0.1711910728050454,-0.7474977434503659,-0.22504270518846795,-0.06635932055658837
252,-0.8809063168555324,0.07235891337562647,0.22518257092221372,0.050889084784732,0.2837333779005617,-0.37158382653695593,0.19964010453122114,-0.8051061824682308,-0.2202059979971559,-0.26694892552999233
253,1.7515394804730886,1.288721283023323,0.6421802981750573,1.5273283620662337,1.6818312440730316,2.045363297242477,0.5977203079009602,1.6664930092403656,1.6134282040706223,0.20910173315849387
254,0.1801296662467203,-0.04185523572123379,0.37867018580492956,0.8360914369489413,1.526383991087285,0.531833114680243,0.3339468314404133,-0.6195647675231529,-0.2917044622694462,0.030375622002085646
255,-1.3499969436812793,-1.0527120965063752,-0.34942933838153833,-1.0579270320178162,-0.8553679443539485,-0.48935823631698094,-0.46400624228232196,-1.3358622641283266,-0.8222617292988942,0.06713187763504161
256,0.6238294033641104,0.3517490509002189,1.1611367803050399,0.3505259917737771,0.41189897247083274,1.2160174598446005,0.9445846081537033,0.06437416801271079,0.9190358030490846,-0.2726740164056385
257,1.2137708682019501,0.6348204828351427,0.8019234331221333,1.8828235830860838,-0.08324450216707908,0.8897105170603811,0.737322957299037,0.8579156238630605,1.2347277090161621,0.7456765138408408
258,1.1494339407728418,0.5027825762949555,0.3405567192632545,1.537321989751098,-0.3514877648597446,0.5795455562146944,0.31947561376219774,0.9986123744268931,0.6997822017341107,0.08812134926438922
259,0.5632262083742919,0.17858574648122705,0.13975427294056464,1.025873486244941,-0.016261367014837623,-0.09318519868054438,0.12834197999452512,0.22606944276419422,0.32487149890703376,-0.36498890429966263
260,-1.2844173344524292,-0.27277581169452647,-1.1636781979094155,0.4106921925883029,-0.5037912441574726,-0.40794999097105406,-1.1750134646119719,-0.3664935929046846,0.15230192893581837,-0.6142522413433964
261,0.09331779812304451,0.9301145277784703,1.5849970337647838,0.003785087914814741,0.9249216419251056,1.9787200776346385,1.2203063853707785,1.394431226413912,1.5101070287329317,-0.5993790617493046
262,-0.42454286511278433,-0.3731537451377704,-0.40909803985783005,0.5779242129803971,0.23422767500550998,1.0366928212097217,-0.4103872474385186,-0.09290842384923888,0.7191907313343658,-0.32607967493052936
263,-0.2203900282139525,0.6258697721577828,0.6074311410232731,1.3024506820763206,-0.6567705296149112,0.48311224754364585,0.580476896322476,1.6805017814068042,-0.184197609468251,0.24196567648255865
264,-1.3502881505014435,-0.11092871452958583,-0.09773227090881935,-0.23021342493989594,-0.5056114938231023,-0.4780600501625114,-0.1556031995505342,-0.4312568100859425,0.13659162699801253,-0.4888308447912426
265,-0.010161722080282872,0.40841824458889864,1.3663117615965021,-0.597428441715842,0.9260155370678148,-0.5078592294148361,1.0250478125434117,0.5248608619427282,-0.4388064657162566,0.0216163375186988
266,1.4183870811481134,0.8454071460707261,0.9947979846544397,1.31169187258912,1.1408707621322645,1.2146214206001333,0.9537139153643346,1.2609535098138922,1.010102243011718,-0.00024906041746264795
267,0.8755656943458595,0.520398486412622,0.6543916071423851,1.2325006336818127,0.3565428417949927,1.439902031624107,0.5839626006363694,0.5170716221699289,1.0320857910980763,-0.09107979277249371
268,-1.586709432789426,-0.5821064653721936,-0.054374285933150246,-1.222671410002965,-0.36206120746284615,-1.5345121908902268,-0.13401484376054323,-0.4379860139112443,-0.7900400999904985,-0.18727257866217217
269,0.21261920805691467,-0.16100657218278366,0.6743385461686956,0.014299695495204823,1.1909899055115847,0.9838597887535907,0.6962089432910055,0.6243540078662705,-0.5080707928296747,0.31980690025723235
270,-0.7491872705334537,-0.16101332335110438,0.6705438980454577,-1.071032811201296,0.9965275390819536,-0.190057977840622,0.6317379369323507,0.04403230269725933,0.3357493415663572,0.21465071636088234
271,0.07285170022153244,-0.1879360766736385,-0.2200795760509609,0.47076951661788025,0.2708936584804615,0.49590500916312136,-0.22189771623245266,1.099902623397959,0.003395338840062485,-0.10935825321399782
272,0.42302498522658716,0.15448831261564402,0.30466387454484656,1.4127470235939648,-1.262635914213911,-0.43834034622330353,0.36564843290073146,0.172127430301865,0.23779621123938982,-0.061999635351374725
273,1.2634633595883082,0.44936953379064815,0.9797464436792165,1.2385079555856753,0.10765470012077175,1.055211810607187,0.816627552830423,0.6480996534579303,-0.27026564830919686,0.9371967453287092
274,1.0078247363582484,0.8593786397712918,0.9282071896358898,1.4294648297535293,-0.5564908866442841,-0.009448727435381863,0.7796271117898446,0.03907065835752537,0.02898331778278743,0.4775086479490951
275,0.35366292135911187,0.2567331877152444,0.46673581389886015,1.2728478446986138,1.0852414776951773,1.0440269881483826,0.4377251767618735,0.47476504279443354,0.7524201586988049,-0.1077127486779903
276,0.8841864620314106,0.6185175458375441,1.597432919492784,0.7460896127906763,0.08730086005856555,0.508415052598609,1.4103067840175585,1.1589779253166568,-0.4120780764978388,0.46113758085243345
277,0.8035048088765253,0.44431677512428247,-0.49729197992731095,0.9424351267714639,-0.6666200931476668,-1.0526230473860192,-0.4914368875705753,-0.32853284347760336,0.1630802921801998,0.10968692832194414
278,-1.6406381792160694,-0.8820446633231424,-1.5669675896519228,-0.9545384845154152,-0.9770460665902522,0.19111682353715284,-1.5473979030342533,-1.180730438485312,-0.037643630243612676,-0.6729558339084502
279,1.4184726904244906,0.39506406752044815,0.1857656717180941,1.2554148451318772,-0.34554446405393485,0.5694920627593459,0.15838491544055305,1.100197287682071,1.284214054404999,0.054893616395367294
280,0.956521030774312,0.2565733367693638,0.20535416901485093,1.311106251324471,0.19955867330241087,0.7756973737792358,0.23467750338036783,0.005486298695819083,1.6272746757717096,0.0860517241744171
281,-0.34887384572397245,0.1503965338073407,-1.8780534551803123,-0.7366913393770722,-0.2642716218878408,-0.035848350093254024,-1.874418177819252,-0.9910201083414643,1.148970760540576,-0.48646316177032545
282,-0.20757250932073826,0.12322606327546433,-0.962038951721355,-0.5257576056631167,-0.4357182647700268,0.4308457529880186,-0.9174389490180686,-0.35016955830827295,0.803691755101029,-0.6159432818539728
283,-0.09098311062846726,0.04843870174499451,-0.17250348579767508,0.14468700165100248,-0.019025940577921566,0.8072769063568175,-0.11087890732755007,-0.7509528685462769,-1.4107256635963674,-0.01960170437864068
284,-0.9285661793887265,-0.9813070624087515,-0.09233873923481448,-1.3938563222763853,-0.037186590177499194,-1.5089976112767576,-0.089978345375177,-0.9414699394898526,-1.137951094916686,0.014850582542998267
285,0.3944278184409727,0.15257285699048817,-0.3516530167406339,1.5448130523684787,0.14725599140626427,0.5590975125679256,-0.3818679363076431,0.12376078016127738,0.5690230212031446,-0.5364599948977207
286,-1.120603359801158,-0.7408428409872625,-0.9279961354284334,-1.5624799347807907,-1.2800737804266311,-1.685090631136662,-0.9495540362586408,-0.5600366591187164,-1.4553572545824873,-0.22267458547947955
287,0.24273453527188976,-0.24429365506475303,-1.7376373815698292,0.6018675308986362,-1.1557943690831178,-0.3691543438799448,-1.7229159205944913,-0.5105944858253255,1.4106493499124437,-0.5844403937347186
288,1.5933176697732796,1.3376979020820123,0.4518134631286284,1.9888116602558323,1.4275306112017117,1.6146522599298865,0.35227736254546604,1.21251609395048,1.5126963845191603,0.2541722287955484
289,-1.0440784546165127,-0.4948201267349804,-1.0771308316078487,-0.9552149170388797,0.1001401713383704,-0.8368055809772759,-1.1202607904755102,-0.7025080912772461,0.3473871997811735,-0.45634158142564063
290,-1.297231641304766,-0.9236141867301609,-0.49258321977480163,-0.8339936167728911,-0.2234655643515183,-0.8425153344851879,-0.4172034156195582,-0.8559821511652064,-0.3711224733028399,0.17476431704063655
291,-0.9059322618258,0.1155919953881486,0.1813183537116367,0.11020977020380159,-0.6979963071489886,-0.32156961525112165,0.1910493172512133,-0.5571904832519631,-1.4161550074086247,0.33941204749006587
292,0.9325306202930347,0.07456069577273919,0.20753431036351197,-0.13568855516323292,0.18459095507406298,-0.25257055909161824,0.20232830638914326,0.9540866301662639,-0.013091033470309769,0.48518603891312084
293,-0.7521335959976474,-0.02350733084797497,-0.14973568122947653,-1.1828279331382374,-0.08813323250254557,-0.9901909966303232,-0.12834335928115245,-0.17604359102146877,-0.566126331239527,0.1242172304062025
294,0.8249846219336533,0.315675414004922,-0.11264408676599985,0.8564504213277597,-0.12006849705461946,0.842142970346347,-0.11398652196804247,0.1023049237720158,1.088528477694618,-0.15206790959690322
295,-1.1747489553820076,-0.24610934323891917,-1.337533630613048,-0.6115640259155786,-0.8721073550485611,-1.4353383880635222,-1.2314052903822772,-0.7677558259199165,-0.7453223852673693,-0.6144657456866509
296,-1.538982753824204,-0.8505287635882088,-0.7808527073290026,-1.6713689686428448,-0.4552892207347942,-0.040607325942632194,-0.7935292244811046,-1.385321549317669,-0.6596003902686467,-0.001154656295259797
297,-1.0201793512053603,0.02752271352819393,-0.7233109595575479,-0.019654943188612207,-0.0006834743231990976,-0.45991679568452704,-0.6867659073418654,-0.6819772581096575,-0.4641258456435981,-0.04007259475154061
298,0.4298930358408493,0.0746095496742893,-0.8077601487815722,-0.7474741778149824,-0.35086506089841035,0.1728117460650062,-0.7790380494374609,-0.07857016614584963,0.7770809269146379,-0.43659116730917896
299,0.5669163330985464,0.009019497032600896,1.0620577408239689,0.7502578538758968,1.6480905772056855,0.27408822617102574,0.9485838989718496,0.46898055585069554,-0.5462705899888876,0.09303697111168703
300,-0.672409510472017,-0.8200989567215529,-0.32925125848469017,-1.3708830182391094,-0.7251351848524603,-1.4191050274516543,-0.34024821535997607,-0.0244638190398925,-1.2331033086440426,-0.1537651610060287
301,0.36988756820645646,0.14728214609878468,-1.0179012629915738,0.3860451595807876,-0.4946716284469641,1.0248295447933924,-1.020868377549026,-0.19367020939023252,0.46494202552085484,-0.5253029233123089
302,0.9489776403198509,0.7550665047353964,1.5962721528868167,0.4172586917283171,1.3395522725877698,0.511188588314141,1.2746238295397674,0.40976801732177265,0.1784170096131268,0.2620754981639227
303,-0.1636130183666965,-0.23344051017772985,0.7168670486068209,-0.09648680978113279,1.2567810290932908,-0.12583673550388816,0.7061585408501474,0.18824877978307528,-0.33507628310594073,0.23570553338153669
304,0.3346109835067084,0.7250378947509392,0.34449687748087776,-0.6927425209000454,0.05328889363723688,0.8358890475687174,0.29127540172747685,0.46580667326818087,0.5427443928987741,0.09325767633368441
305,0.5471293396916853,0.6130771404448697,1.0308360371361962,1.1977996173576129,1.6059918786042817,0.8823842101076417,0.7720330319499796,0.9206283388742935,1.0189087405959825,-0.4602873576873297
306,0.4620320628504455,-0.16615544602574278,0.5888978917309848,0.7659222482180248,-1.1295841711302397,-0.025689741322698627,0.5923070763397922,0.24046408858219068,-0.9501811524293263,0.29145047011881775
307,-0.14253825163161646,-0.8519286312726393,0.9360245278827486,-0.7031058335046821,0.7213130188808047,-0.23373196187448433,0.7521123070184219,0.4647637928170586,0.3138300009991972,0.32873206544140415
308,0.8221191385215088,1.009593756612087,0.49478185697530175,0.06241619968705535,-0.14420224425916817,0.97894933748208,0.419272551151555,1.1181912354594647,0.9426334537088746,-0.2335849224331125
309,0.09730401020579171,0.5424587640540055,1.6044620896958455,-0.4459861797385145,-0.7360383338003439,-0.7908710104444439,1.127104190894418,0.3197173633819111,-0.80655444448515,0.7271047875202522
310,0.017620664754782762,0.5601039232174312,-0.22543370731016765,-0.5196362786307468,-0.2142236168242444,0.664062855871211,-0.22933164051668198,0.6042875566229011,-0.1289793779242595,-0.37569779748637
311,0.8360126470983963,-0.36361838723996426,0.4341614484485684,0.4629904324588931,-0.1143092292095713,0.9882907830610791,0.3960773284922367,-0.18814693980803976,0.0717471282234561,-0.17283010963841322
312,0.044605909178749986,-0.6236801751620666,-0.6761877027536031,0.1307144745919395,-0.4887384160625497,0.03896523596050555,-0.7828610821409855,-0.720605287837916,-0.39504679344432064,0.016744130219177
313,0.423079610894401,-0.06855913512346325,-0.9928557519422746,-0.2215472359804474,-0.8255720674032905,-0.3165741149483015,-0.999909601189567,-0.3983795379307141,-0.40242885706175907,-0.52924418167108
314,0.9420252355788274,-0.3491688481624766,-0.2043778480830803,1.3779646472367624,0.1971230019958004,-0.34488246094106306,-0.22866280809526218,0.17399259064911113,0.5973378061180861,0.2028539466080371
315,-0.022392968305986326,0.26347702755444724,-1.0176854231285326,-0.2914402529453366,-0.36469035545302236,0.31533912258160174,-0.9457858618223216,0.6246169111699744,1.490355251082767,-0.22356200351847727
316,-1.5425506114842187,-0.560375340445812,-0.32558263913896324,-0.831664897900157,-0.7335245253275207,-0.7284607052969666,-0.33771699819157586,-0.49732694328586596,-0.21849123391730108,-0.46864258621671084
317,-1.197837312670715,-0.5561210413489085,-1.530757437470707,-0.9806098988577907,-0.11550239675824583,-1.5429400619814289,-1.4937063222361682,-1.1838120548969269,-1.3029210857702749,-0.35883488902149796
318,-0.3838677355661838,-0.6927704774511383,-0.8384233146693003,-0.7462145444050121,-0.7845930846526502,-0.8071337566432819,-0.9074121905902989,0.20449618770185174,0.6661167321132522,-0.05985135267580848
319,-0.4669198389205658,0.03746793531806929,0.2710756272068803,0.4876834796922578,-0.5376845465505696,-0.5707828396976944,0.18312021867470654,0.5506106385168863,-0.4615588796405796,-0.10964823634070851
320,-0.6923231713168313,-0.7881989079891513,-0.2341290724520082,-1.1974576927430547,0.11109885638333944,-0.9703356469605797,-0.1724387163509924,-0.21332975030072326,-1.1417493488341484,-0.08379754501064272
321,0.8751300664087408,0.5064048517752024,0.9451853166224945,-0.19923962468561907,0.7425156501055684,0.3600728210214951,0.7889219323332771,0.11240074751044822,-0.2569185646626808,0.2251889898818803
322,0.8621162338461527,1.3194934999613284,0.3871146929582421,0.9374748409878897,-0.05764359289359867,0.997908307130478,0.3761552880338483,0.628718178496468,0.6615550019363959,-0.34446187722211946
323,0.18357386047316768,0.6739774749434655,0.4345764140926141,1.0870950741818743,-0.28879810758974866,0.02670550467714497,0.4587853955850074,0.5725719718791733,0.7780121413934117,0.49578303003219504
324,1.0680956195198719,0.26635441963648016,0.6775143542421089,1.449497677914089,-0.9771197828825924,-0.07986956021110789,0.6906369515569699,0.6849363499891883,0.22373735362692726,0.6261268664191485
325,-0.892815157676683,-1.3408218374308747,-0.03643999306572572,-0.8871170228862605,-0.36969788307417095,-1.4260254437850093,-0.04202518937156349,-0.969344752611955,-1.2408111770577979,0.12227769662853426
326,-1.1242563685003346,0.3072704712897341,0.6128360839280018,-1.062780723084295,-0.857980980831859,-0.6288386907231893,0.6375591115625754,-0.4548291826686735,-0.8121889866051297,0.3123536541653035
327,-0.4638585961664226,-0.24198936357009804,1.2938314296567395,-0.024343913390342198,-0.38803367235691266,-1.1568928764352475,0.8550818669404473,0.6292018872831554,-0.352602663181495,-0.21520688810557909
328,-0.7712692960018798,-0.4779331469502535,-0.1278621810762629,-0.48672330095164834,-0.11617880417127474,-0.8382940363419812,-0.20179954940463665,-0.014223247604187823,-0.14139896761706813,-0.2150924885195924
329,-0.4043930076308148,0.5721092146662732,0.4486510357969749,0.37469880382657916,1.5203488048685663,1.9692513376088896,0.4347575068650021,0.09821187430380261,0.7141522212744652,-0.10757164223047652
330,0.2221721377961568,-0.14207097229249155,0.040382019111667194,-0.13757456477878954,-0.6471166681461779,0.60045880134776,0.01854552027027025,-0.09212825380766158,-0.7563334660973423,-0.09759994660855692
331,-0.3151299898794789,-0.39066119333420424,-0.5132193404719616,-0.9528316421488845,-0.30024641549458553,-0.3769151832479546,-0.5193629634789579,-0.5931226987935998,-0.36316125481523925,-0.5153039889257552
332,-0.6674680965374926,0.040086336892741506,-0.4249684925912909,-0.14967015346513218,0.09872721096087138,-0.7317178113998639,-0.42548100452136206,-0.6443464399413474,-0.30396934758171495,0.024728407293002252
333,-0.5679988230200063,0.3330432839240692,0.6403555839464014,-0.9325745921345324,1.5047034832281527,-1.7806387435419986,0.5526933685988155,1.2337342449315092,-0.6691857721882405,-0.10539772521632901
334,0.9323217830723162,0.6610954444161101,0.8282367606445513,1.5121255931514361,-0.047143238238351884,0.1083719211808188,0.6324565529277486,0.29488328988813356,0.5706103102635598,-0.06173061607611669
335,-0.4085717158769627,0.28335543379408656,1.0460622343253356,-0.09722574600723852,1.8064188995234092,0.027410622590628136,0.9217762233090969,-0.006059961051206775,-0.8983206685468781,-0.46262055522495554
336,-0.16552363263833728,0.38415894380597815,-1.1005490588120683,-0.840070698103754,-0.939220854987855,-0.4116464393339274,-1.0259964243454172,-0.6860426394986449,0.7902082019143869,-0.6245596882093584
337,1.5012048997434233,0.5837794978900143,1.1646129500810978,1.1651490523263959,1.4521703764089793,1.3443839737225676,1.0425680224463143,1.078571385403804,0.7950853496852949,0.7182840116916362
338,-1.4937324868324962,-0.5459883296896132,0.44793739835311613,-0.7695548252724514,-0.5693472852603326,-0.8739448070431317,0.4389230527961641,-0.5850705771119686,-0.41611598959810936,0.010373279965461618
339,-0.8978934608694588,-0.08592180658821234,-0.4363217219417024,-0.6864600678323608,0.21729489711496333,-0.10449717548826332,-0.3695391128681177,0.25064044029382954,0.7520019943122486,-0.27268316426702194
340,0.6332589183390521,0.261370021723007,0.6770369577251403,0.9147616576609078,0.2069745772905613,0.7336726866973746,0.6783114223498404,0.3154977075402812,0.038797235337343965,0.021910491870846982
341,0.17803513479079877,-0.8132654835628196,0.7337544329429814,-0.4400333996052503,1.3716035921509986,-0.12713510228623692,0.6952527197490699,-0.3696271662583143,-0.4238358474744578,0.019584837706206688
342,-1.0890489954358595,-0.4530486379947859,-2.0457798964070752,-0.24990920201188568,-0.976027227672758,-0.8719877133204459,-2.01004228908123,-1.3024177925786513,-0.7391325631869765,-0.7694214249986314
343,1.517879419299715,-0.30246214624271883,0.6287137617339494,0.11616158111602608,-0.496845380923849,1.0414242332285208,0.6165363346094421,-0.21277331514472494,-0.452825358848137,0.28531232455602884
344,-0.7872866510755779,-0.804477428985139,-0.7848702721471759,-0.7338366376674708,-0.7616112350978259,1.4604708165183802,-0.8146844469671274,-0.4749606373165194,-0.6089000944683537,-0.533703976377263
345,-0.24652052080334919,-0.01830759338146165,-0.20476497611212954,-0.6117270604542302,0.04657255013051019,0.5195760445695289,-0.17532625361358187,-0.7658730070045968,-0.49083451138342177,-0.11770499635351836
346,-1.1073442120448882,-0.8250681660558936,-1.267353009109088,-1.5616592999803005,0.05333126198428122,-1.999371744045048,-1.3357988098809814,-1.3122682061185458,-1.6326789517555964,-0.6181903148286116
347,-0.08378963700961219,0.4758465166283758,0.6505886883873333,0.9850431506446639,0.015750847511475673,-0.03440436616387392,0.5339197848122745,0.5042418036748629,0.21924730836704004,-0.04842683831625539
348,0.7039069317939515,0.3831838664390162,0.15801900125231136,-0.3804469857858457,0.17156934272579508,0.3223849461327382,0.07475663323050474,0.9451738204369168,0.15102697543019555,-0.4226207474028842
349,0.18715462920290138,0.3436327961510939,-1.3639238644673148,-0.6199081069413154,-0.5653560614728783,-0.2546541136054971,-1.4542752373076944,-0.36743598202643435,1.502380045955645,-0.6130025315874015
350,-0.16690130382169568,-0.07612396515823718,0.9422005994240021,0.36815405365866744,-1.0122304032817073,0.7118951496224263,0.8163866867009109,0.8836424822351568,0.13216572824826622,0.3734967836271173
351,0.33318246048321476,0.3408792472857045,0.24194372777712328,-0.23650061264115674,-1.3860669318465224,-0.41259035815851536,0.09901331676929571,0.5840280620959222,1.1402978709783538,-0.4808036962809422
352,0.2109470184565487,0.3216168256877789,0.7569022707004938,0.6283324141419472,0.22642265487026714,0.5067824377184453,0.7307983988669351,-0.2712743865902141,0.9561404278791662,0.22326416093130474
353,0.4779174012869987,0.5603547099044516,0.10582900061228996,0.8269150533331947,0.42186238217821675,1.2836205018241027,0.10628513220986503,0.2808965793513023,-0.22911763923228412,0.6085527178317223
354,-0.1863638626486718,0.7617880946574312,0.9701085762816614,1.3993511495749777,0.7477885773331466,-0.12236113489220989,0.9268275811514766,1.2403594821773138,0.14118586102320246,-0.4092384725164204
355,0.626964653936803,-0.4112831088904774,0.4547890539070101,-0.10668163525293237,-0.4386627452026342,0.8176891105127666,0.38220609224772245,0.6867764583081174,-0.7452583321150692,0.2351512093329783
356,0.5426664472478375,-0.0006613990636471572,-1.375855834349308,0.29138442865777897,-1.2611077420015417,0.5230386428798804,-1.3781516625829486,-0.36513680823066297,1.2446342616599775,0.16730258663625602
357,0.33315298617373434,0.15522119021750536,0.29178005568882176,0.7673964519622948,-0.42897168880578995,0.30408043914289423,0.30065785057903577,0.3652214527852553,0.4206554801365789,-0.14152673128529156
358,-0.028855919037887527,-0.07428405320062338,0.40193637197984655,-1.0908180125124263,0.21709929102839742,-0.28426821635548843,0.3948459610258255,0.021520950463601012,-0.08449463074667393,-0.09549299356512726
359,0.5819166945982909,0.22539022175676005,0.028900198273294302,0.10287167611691116,-0.17083844330895254,-0.15256899342083757,0.0010075649198162916,-0.3064024393178952,-0.2204588409751284,-0.2936163247309781
360,0.6683799564104584,0.8132285499313666,0.5287038735087617,1.3078490438943657,0.8609498009849542,0.8146684163576938,0.5198836164481487,0.6879257710604503,0.4404551851114333,0.38509897200541965
361,0.8128329777150639,0.23716405304939897,0.5174601068136453,0.621563289092175,-0.26227705785441086,0.5190407723129504,0.5182889330727319,0.9532735971485098,-0.5499421276111316,0.47282397191267167
362,-1.0575143508216975,-0.9160131945971434,0.4160339344639234,-1.188296480067187,-0.47292113849972556,-0.7678710084239891,0.43779518063496226,-0.135246522709197,-1.0364644912185923,0.13410612212334436
363,1.198282804555683,0.10950269242820149,0.6562238120060204,0.9665052586316074,-0.3334632742254084,0.9206006875576402,0.5257491322586253,0.08185240000380521,-0.18648955703731193,-0.4318678192302983
364,-0.8198753201801765,0.8084060965471702,1.369565845590683,-0.2899629130263942,1.6619923108152301,0.8056250103983413,1.0404858535573906,0.4752559435482067,0.7532372618097298,0.04378526841983517
365,1.3673183190452167,0.6088678075608764,0.28298460178515655,1.2621752629326088,-0.19798016009970762,0.7600176861540852,0.29980901781389907,0.19933803129954974,1.2855387551357125,0.47096135232338215
366,-0.6316897581838564,-0.1432184348611726,-0.11501089935495336,-1.1019848341727838,-0.5057901384062787,-0.7455852317036613,-0.14303815308739917,-0.6125182770583407,-0.17978211126829977,-0.0507893031339065
367,-0.5893921940418538,-0.8411240529211806,-0.6829051916314168,-0.5143012069975277,-0.2732212989394825,0.4336348435069935,-0.6827325946711775,-1.0285645614724102,-0.49794718928756065,-0.33267420212890325
368,0.7856402492302701,0.23605503105683937,0.08422804191982491,0.8374002192127997,-0.48857539071453304,1.1979150559180458,0.03656256337119261,0.3192539049592195,1.3814187837696004,0.015315252479128478
369,0.24519997967549512,0.5750514307826787,0.5132839020546393,0.7708307259501993,-0.07410489218940292,1.4488036749369408,0.5181469804256124,1.0081472171564194,1.515888295865023,0.4936993820154287
370,-0.05819157732442914,-1.0360189639684727,-0.04922263044453211,-0.2334532945020002,0.11162479118258123,-0.9104208989172872,-0.005063471832803581,-0.18120653456262553,-0.506837232116299,0.05956785378095816
371,-1.6035424138913013,-0.5877587000148345,0.4518532222519975,-0.8407363633600986,-0.06641931662569389,-1.5573507225557697,0.30723308641482505,-0.1968261092240814,-0.4362646872235397,-0.2948658481634247
372,-0.8814811330754025,-0.6773404602508203,0.48248865153235804,-0.49442969437982276,0.3499868544966006,-0.6132223242699699,0.47177099525068567,-0.9657038249250954,-0.37148661756420176,-0.35093007425154477
373,0.9017570014008164,0.2602883644087274,-0.9092838133170313,1.253779096270708,-0.08257003518648791,0.5863805362859711,-0.8851076539427445,-0.28987576485328964,0.9520421273853029,0.4404893579403208
374,-0.048750470739673785,0.003665507928641967,0.48321096912907263,0.5891679138288108,-0.3035978762442359,0.950421371032395,0.5087020883177823,0.20781147209079304,0.0648871836254056,0.7061608378033093
375,-0.2926552638827204,-0.4839321687229778,-0.24059262345505508,-1.3527841530528506,-0.5045601443884296,-1.2576152279432031,-0.2735501003095811,-1.088070338094718,-0.7810256004874716,-0.6435142515307211
376,1.51686610631128,0.4300138032559658,0.8788058536506981,0.6771907467503815,1.4621218727016225,-0.24523398720068176,0.7267137438682022,0.8981393481971452,-1.148156043101467,0.2898010524426281
377,-0.16408884523802278,0.005158154380893506,0.15645323991521082,-0.29002499140053734,-0.6517061143885702,-0.19565907140480038,0.10936596418248887,-0.3293170738933262,-0.39862116781476714,-0.22023154388563637
378,0.3381783783464716,-0.11935275191017343,-0.15137945411242237,0.4489837657608283,-0.4459841675847632,1.3543487151226616,-0.12937671582669694,-0.27759578597219153,0.8647515098580584,-0.47563984058489417
379,0.014079410085176219,0.5843465603620237,-0.6115868261742923,1.5951451595196213,-0.7100759460417637,0.5044152183405203,-0.5841512470212189,0.18077715724631058,1.6070325788810496,-0.3652202095238488
380,-1.312378354939646,-0.9787084131586321,-1.4025595536186504,-1.6865929285291537,-0.22955506714726842,-1.0919801445099517,-1.3872548223223846,-1.2080308073517918,-1.2396302146304023,-0.538434781024474
381,-0.8189877357356625,-0.4476257179857463,-0.6919409198134941,-1.2490527896686856,-0.7666329599149245,-0.5130753283600857,-0.6998338350191441,-0.5841333530639615,-1.2148544323608381,-0.26146118691336284
382,-0.024453848905090243,-0.29383444329567476,-0.56426416511389,-0.3096204843056533,-0.716969651642704,0.03225113925198469,-0.569496538073743,-0.8932240700248,-1.123066227165167,0.015999775684137862
383,1.2754716778846071,0.525273239222485,0.7150567801153738,0.7148890015576667,-1.387567328558039,0.2994525943027772,0.7251171906815499,0.2759705138010743,-0.1845912971562388,0.7353909468716577
384,1.1892597642910128,0.823313096912749,0.4372020900433095,-0.3663604020816267,1.3521067274236187,1.0962210751979558,0.39636579153560014,0.6988145413977259,0.8337457638909059,-0.45100894689262566
385,0.38277722982973383,0.5773288362875743,1.0067464669217392,0.6749074769729331,-0.28702259510737077,0.9072169648737607,0.9193341816951133,1.1671469778091472,1.046713274358915,0.245198752609054
386,0.9703477276128912,0.37886917222370914,-0.70374942941035,1.014981756884386,-0.45584802995711254,0.789428403373087,-0.7297202870835893,0.34627763431547803,0.6649619691508177,-0.4132931587296526
387,-0.05258732256288856,-0.5293759825293372,0.22758562812623265,0.07910497508957019,-0.4613497517717525,-0.679020901581756,0.21695822122334082,-0.2808225667798525,0.43023186609262554,0.1371349549269547
388,-0.07102949023149373,-0.03852591684881847,1.0208823648153968,-0.06852615427634969,1.5755319106475687,-0.3340491932079469,0.9059999916834616,0.30160707106287643,-0.3324456760626957,-0.10415505417966923
389,-0.4232880750888308,-0.2896106069957606,-0.4942896229383707,-0.8278237875915568,-0.16092249421951244,0.6027090493171734,-0.5175705176650707,-0.24199574824256093,0.1826367679695794,-0.4447056748447915
390,1.2991064498422278,0.9807300277214991,0.6508842409354948,0.7126732236261166,-0.3432672597164478,0.9344910221442126,0.5999941182143138,1.2038682227201167,0.8454347991989585,-0.5898656667600012
391,1.336985593317497,0.6411343961415343,0.43414629394862714,-0.46146850247584237,-0.7760250533643283,1.8995723559220252,0.42196064269055894,1.0715761368625356,1.21278719441408,-0.3146450090721521
392,1.7482577874490315,0.3026926035806463,0.5516592283898024,1.195827135385974,-0.6654105042933789,1.1514632873905346,0.5587212731407453,0.5248727958772136,0.6778996713729186,0.4989031321826064
393,0.5522329740089023,0.32694727479692737,0.3943163129464412,1.0016540753046248,-0.4574111675013662,0.842616908375195,0.3162606471354658,0.706961103473537,0.8411857218846205,-0.5958385511458306
394,-1.7019521898080834,-0.7069977961009398,0.4534356184958467,-1.0988069382362462,-0.716643128318994,0.05450804953103586,0.4657209532678558,-0.9299494392416016,-0.718529328649755,0.0782125650911773
395,0.4460364794629783,0.6274477943152471,0.6820121805808697,0.3668995384236627,0.17910193922309542,1.7275027472503668,0.6452277675761827,0.6802573595330439,1.0054247411861101,0.12861885764186826
396,-0.11312493844490598,-0.2894085823503444,-0.013398302340304247,-0.5804240559713436,-0.5090632641360908,0.2730647561972254,-0.01606691713222938,-0.32255534624373516,0.11165901087579863,0.025956953867086102
397,-0.9347191536677802,-0.4048367135210312,-0.9607336419439912,-0.8342411047635259,-0.8822689994741679,-1.2584692493740213,-0.9500035513143411,-0.5842296202303084,-1.3040101507875406,-0.4877200349898171
398,-0.24429235466723778,-0.11179950182750532,-2.1745315913054646,-0.9795170823597322,-0.39215383893684724,-1.1623003016457238,-2.1608605116937123,-1.4532067668704995,-0.2401575049161536,-0.46210309279549744
399,-0.9883736914688811,-0.3648877441052919,-0.2899302764575409,-0.8089457590156187,0.11547323374527486,-0.3708515115377335,-0.21690868539843783,-0.24509684369828375,-0.11562915768368265,-0.8435611127514022
400,-1.8691764501268375,-1.0526808261316924,-1.5657537491758589,-1.5773888070577007,-0.03298214325070915,-1.7363286705715728,-1.5486636371579054,-1.2916810572845998,-0.4760020919121035,-0.09693026595602923
401,-0.9299172063723461,-1.0496023013566196,0.4357233041326794,-0.15461212264461077,1.6807666128300625,-1.259407552267189,0.42520006041749664,0.017423422464050133,-2.128856846540833,0.08809583020116472
402,0.6025088449863341,0.9031867241757568,0.8418379658294928,0.6241856026797065,0.8931301029718636,-0.16205100691686325,0.735132799110871,1.551056383906835,-0.09768282351946349,0.094349350685595
403,1.7270846814141,0.8033959014693531,0.6936143883238058,1.3391442647717076,0.474720135371007,1.5337390711486916,0.6575501606873015,0.80156851579421,0.8436990494957657,0.9547746428001702
404,0.40390069093571795,0.3341045631476354,0.5843858818344815,0.26081728862706755,-0.29310077403003154,-0.7322657301260884,0.4767020159609774,0.6955634737478181,-0.4860538744440737,0.015336791668142283
405,0.11456916190899233,0.5303280758276164,0.5439641752362543,0.8203799384167292,-1.1827355080425133,0.2802096989260639,0.5542576914466962,0.16517516849334118,-0.694981585744939,-0.4390821967978079
406,-0.10871564352291145,0.046197736408507786,0.3001431693183,1.0031747667162914,-0.8382478158796418,0.17847666722743077,0.2632211116457345,0.07270620258846222,0.12160850841369525,-0.496168046096451
407,0.8839816812506743,-0.09564896158717426,-0.17754843495493847,0.7737762047095936,-0.4719136820568694,-0.146755276463699,-0.17607985955237407,-0.12146550311482512,-0.13565461016398317,-0.6657322711036968
408,0.09595871516399523,-0.3419899173927385,0.6903673046720736,-0.20857890952279542,1.1626534815085894,-0.7507288032812574,0.5997486165710992,1.1992926480356023,-0.10864472931103562,0.20223629010720992
409,0.09349138139710526,0.32154932601634584,-0.886957491289492,-0.3982141435049329,-0.47525265058870836,0.854658914166203,-0.9154141491701534,-0.22971174860832527,0.17868812761143826,-0.2113521513124705
410,0.33246901071585827,-0.16289103465379423,0.07038713158179848,0.21701921965963805,-0.11760616673631406,-0.09777509641428148,0.003434312052305784,-0.3481464220604311,0.1656140611901602,0.20498673409005494
411,-1.625346341566901,-0.3956015719807145,0.009208900342925215,-0.4138092313661259,-0.513830324880277,-1.3117265769042938,-0.028127286178050034,-0.8891241826460533,-0.9943785291533289,-0.009076081489283074
412,1.7656074803994193,0.7367126473649688,0.8743029051662198,1.4519653112554862,-0.7709448330613401,0.4874446154804545,0.7015301327779265,0.5453004613085636,0.9949582109538894,0.022408414423384652
413,-1.0404785842141533,-0.42774483647852973,-0.30636748009823295,-1.048206028760609,-0.33425143047330275,-0.40838403408126567,-0.3020309403251932,-0.6869686662844476,-1.3698660390601944,-0.5815502415114143
414,-0.4793866570818004,-0.4701376068004656,0.5181820678301149,0.3126651620097192,-0.33755278472342504,-0.8114926962401728,0.5488681935826554,-1.0747193893835651,-0.45129211547697035,0.10380253154057908
415,1.6036721558521987,1.0649247442924767,1.05117950868443,1.57115719756134,-0.2133296737500568,0.830210834065901,0.8990256574021992,0.5404522741126296,1.313575777959783,0.045327755427486176
416,-0.6753723475662188,-0.6617213140552646,0.14355637325686105,-0.37595408981699246,1.4146535160579392,-1.0496163247298536,0.17745607837355099,-0.7456094040365625,-0.6504043244928507,0.1673066057777715
417,1.0882277153867959,0.3490846372029026,0.0869814016132796,-0.5138978282561145,1.4823817402833661,0.5756892271422062,0.10316558279791717,0.28856049432902375,0.17646884108874997,-0.31835041715304635
418,0.6658871252910624,0.4315710910023555,-0.1437269035848535,0.2814005105763783,-0.4393017861701224,0.28903143908274853,-0.08769078834683244,0.1684384024676817,0.34686290399487246,0.5101566973594267
419,0.2011641936529773,0.2118062787837162,0.277112837566717,0.46340282144036216,-0.528690547091815,-0.39505400662151446,0.20728636664358208,1.0215894934325633,0.27973297517721063,-0.3448200597287912
420,1.8490999342117584,0.6323353046583887,0.8613769749572815,-0.4554790729396691,1.4214678577512403,-0.2481371949270249,0.7787042016366922,0.6893439186266663,-0.711517558903154,-0.025353127171847872
421,-1.0947247992496307,-0.5633133003493659,-0.8533573255503193,-0.7058089996174651,0.1275133863004187,-0.8920126725866939,-0.8642500948546841,-0.6215131140358183,-0.19924028709594885,-0.11340997852968435
422,-0.9186970797498653,-0.6593332253486476,0.04007505521576791,-0.6921181227564329,0.38365837418719834,0.2791222122127897,0.038189411165871615,-0.13064897961104222,-0.9357477805707064,0.24382082691437043
423,-0.528396624151,0.009129637600078127,1.2074588459310147,0.40335176410634005,1.1392593693227446,-0.07382642102055059,0.9737507855265038,1.343719359942709,-1.686885139518112,0.6174468403798717
424,-0.3431803187178034,0.16704659851901102,0.004876353900818227,0.5087823486246452,-0.7800765685682607,-1.201862858271052,0.003970927862904544,0.12190362176749205,-0.2719312240529524,0.5197173609034467
425,0.0657733786805588,-0.2382926828834618,0.11417688824009695,0.23279016238747247,-0.10062604862569309,0.022515804202192218,0.062600826082661,-0.5009749694082682,-0.35965656448759,-0.1336819371850358
426,0.5223354640256744,0.880705139642898,1.3414682396887792,0.23983234452866548,1.4047806640090053,0.3513048663322087,1.0903302569650875,0.6179662343091529,0.9469270391243377,0.4230188241869877
427,0.163320431066509,0.3641538280075954,0.5270733568815279,0.30307954347881955,-0.6591747677324351,0.21758859273708792,0.4550847437328694,-0.056326868778454865,-0.5047661338102608,-0.6088029674446426
428,0.6471279022845471,-0.2036903930207456,-0.9000890834462052,0.294002638888713,-0.3151238877950068,0.27056657463885586,-1.0415277103265428,-0.5578102245465284,1.6338342746093952,-0.16063062157168406
429,0.6556947673870055,0.16338635942077046,-1.7059216833642314,-0.891460054839634,-0.5175868760478275,0.0034719068480698364,-1.6687962090918542,-0.5601389205929966,1.5638741158990632,-0.5744157184554357
430,0.7580747179730173,0.3534300557424114,1.1990183949846718,0.6821973604652612,0.3478927262491338,0.3013477022230868,0.9361814695790646,0.8955889053573556,1.2516166212395823,1.0338637296210884
431,-1.0240221329785464,-0.5660014080522185,-0.06508765505693151,-0.7946151505097119,-0.12198716668501507,-0.12984853966836457,-0.05117568436272872,-0.999745217974222,-0.4768605124230021,-0.3089223872306528
432,0.15505750469197693,-0.003352659875728093,0.7418750292870377,0.3882803757399982,0.701240685330345,0.7924005558453042,0.7347125115356402,0.10100567942681941,-0.5513502222224578,-0.11596377077975138
433,0.8731561157187536,0.3543463280656041,0.06287333527084249,1.1282141665590157,0.028909910453029646,-0.06795169091451764,0.05875136801667963,0.4763560678906646,0.7152427413435815,0.1486310262768737
434,-0.8230248485725549,-0.2854634758147618,-0.009395358510242351,0.3266661402261266,-0.05417859240212754,0.21176376034242483,0.03393807818666453,-0.23545660368549623,-1.1832096124274718,0.12013763848228412
435,-0.26272823570201753,0.28650039931450744,0.7296335169737439,-0.7981320622879662,1.750827562886629,0.8103584424624832,0.6887541842113577,0.1136507533634855,-1.7961734198206623,0.15317569065731113
436,0.8625023948552442,0.858125011384524,0.07207884358862847,0.756243845300487,-0.10996353240534919,0.2784965480601844,0.07581317586449283,0.6562275879972398,1.0693530720974689,-0.43296544396105185
437,-0.8110325979026354,-0.43298032569003664,0.3294277325917453,-0.6582260654781651,0.008337721664735016,0.35062317719562625,0.31698567057999566,0.1918148235773186,-0.10867550787936377,-0.2493186371280722
438,-1.0090232861713213,-0.40405510693404995,-1.3767751750085448,-1.5748508943850812,-0.9839079575730206,-0.7202631331587444,-1.321742468611991,-1.7372661043137005,-1.2674379736136125,-0.13955016210596724
439,-0.19484421684948067,-0.3445986428599664,-0.6579756002788669,-0.4305879968324912,-0.40127305471087055,-0.13864933540869692,-0.6422449096526228,-0.6350078654490019,0.08870890680268875,-0.05119235064095124
440,0.010628691421190346,-0.04480070516851936,0.0349755189860073,-0.05936080182073154,-0.7525456634625244,-0.4346910233452179,0.06462916275755295,-0.3649301788710812,0.3447571444754914,-0.19886566536437553
441,-1.399875777071524,-0.7489149995074745,-1.4080408071452242,-1.2824464231344197,-0.31397742357331887,-0.834563192296337,-1.3476332299532423,-1.1401144283157774,-0.3377112630086006,-0.8061078607937878
442,1.0464224768908261,1.0885128626312184,1.0509304428522768,0.8665269545361509,1.6692023804334137,0.48694377287354906,0.8683207373991724,1.053110922212205,0.16097659512790782,0.25651579746233133
443,0.29253477601157774,0.5031912478570668,0.5165061761459521,0.8185353328427357,-0.3453458794411659,0.7540206606516673,0.5271027760203458,0.8128975411912133,0.37400957345132474,0.568504694685588
444,0.033104277029823305,-0.3231952639914357,-0.051641273564413975,0.12733733663009958,-0.49329888214905987,0.27990075885507804,-0.0428510908038683,0.46525264586216886,0.15359868464807738,-0.22713657757655734
445,0.4657515003084068,0.9832263678798904,1.3494937771693831,0.3798499316509662,-0.2550405681940191,-0.4903736027982758,0.9606385164369158,0.19658313196105293,0.20489497768513557,-0.933877752210704
446,0.6524137496373725,0.10043194049406587,0.6552149267570744,-0.03329995497319427,-0.04661774050953943,-0.7853090082139262,0.6013517025476771,0.35002204426270583,-1.1351184699180488,0.24262095177182763
447,0.8809935398076113,-0.09221423383417915,1.614987646706952,-1.2494019242142722,0.1884225987326957,0.7517214748254857,1.3040933531868126,0.648564632685875,0.27482962430669294,-0.07182671887376922
448,0.9281591779811208,0.1380573869868189,0.5320676318886493,1.1390213685265873,0.964081876448526,-0.5930520998988927,0.48510551271797486,1.0668258568704687,0.024363105385846007,0.2901640123155737
449,0.8838853300081286,0.16795557590335905,0.7122745891315083,1.2814735811775937,0.41363099286436833,-1.102185680414724,0.7468760005957739,1.3214226715979354,-0.12751269331319656,0.31307466967396
450,0.14191908493683936,0.6246598787362163,-0.017841472570909477,0.7672915836021155,-0.8352309601318738,-0.05908790242011221,-0.008233646909783978,0.8718732738608838,-0.3169080412192586,0.4668056174725731
451,-1.0258241813651803,-0.6060473507663628,-0.033172516716361164,-1.2931151203758413,-0.4674119846287842,-0.7872212606902986,-0.023084136721634466,-0.7555894410838758,-0.7235367091430727,-0.31908910658234796
452,0.4121115036134147,0.5932217703433686,-1.1359065048854744,-0.16261739476289147,-0.6843932304866366,0.1806073776927885,-1.169054179945026,-0.1033516053636273,-0.31701596939432297,-0.28087643793274264
453,1.144074890135712,0.7541128076186847,0.5665626613025353,0.853501951936712,-1.4235044753014774,1.0122896732012756,0.5781865774178104,0.8187602699589482,0.7984919024422078,0.2083649095750452
454,1.308968207964784,0.09174168366788307,0.4835834115675623,0.5732195644041804,0.20755011480276409,1.8983112660530332,0.4469578392951517,0.8396459933844167,0.38928301628043377,-0.0951745744286418
455,-1.4965763165552286,-0.24958765815347078,-0.5219657938609523,-1.6164361405421706,-0.157389196590006,-1.423788086105543,-0.5672748787078156,-1.016017688562052,-0.3229823710306554,-0.5676710774662775
456,1.576367209893207,0.7279292107287747,1.1697580591376588,0.6640883067525437,-0.4609476980363472,-0.06747909035231438,0.9763234729941319,0.1813529632288795,0.34732185512043756,0.7029229459515222
457,-0.2183911703893261,-0.026317742960058513,0.35884863956683616,0.052316533897466946,0.20910669004755214,-0.3539620669196871,0.3227621832081837,-0.6386327126042963,-0.9317723577502709,0.21417188347671687
458,-0.30468856249817616,0.25594954300897016,0.5916177278020359,-0.02009486600801461,0.21101912900414568,0.2537867963208568,0.5964829242870145,0.5948377760000538,-0.015238580322194006,0.13222981404435658
459,-0.4318613994472015,0.1479687414144395,-0.07287693587612279,0.4875722072351999,-0.24490060210349987,-0.21841433160330437,-0.05264708519816283,0.22827626748360877,0.9737949514354646,0.029409002945977397
460,-0.35688410119550806,0.3865268142761907,0.7749912400628903,0.3893963178321489,0.4609126166521615,0.24946196517062408,0.6962842192239289,0.2934963650167629,0.0770658497950462,0.621420783892698
461,0.8561507116437156,0.14264475183243439,0.3852131131529291,0.37254521457015916,-0.9796188853067931,0.11915585076839842,0.4212812409192031,0.5008326213708042,0.328208465978855,0.41352221726922617
462,-1.0409315614876664,-0.3465118823500572,-0.9641952781940437,0.32622691788680996,0.12287230545690819,-0.5221517762421664,-0.9781871141311349,0.0035150513020616716,0.25103254410347203,-0.3663483488337788
463,-1.2650733830706453,-1.133718184498336,0.07293694172882217,-0.8052995192286717,0.2595904494972204,-0.9621305263319746,0.0798246624895733,-0.04023181803016055,-0.09981466971252327,0.21825159180701575
464,0.6165445707045245,-0.11791836787240498,-0.4458963911039181,-0.6206745191189524,-0.3012353617985562,-0.3512243116178698,-0.48904151993095984,-0.5410811227347296,0.01427179651994474,-0.988019840013335
465,0.8612040172658567,0.46925444576029846,0.24502719870296896,0.42471892367755704,-0.17487949280694706,-0.3408761969335038,0.2938974714414793,1.0232333020174438,0.33764691197069685,0.4965510285373629
466,0.5998390479475166,0.3316601938275506,0.6070064412066317,0.44465052601361393,1.022624521920516,-0.015694096101741696,0.595034052217195,0.9980883985609117,0.14303959046256742,0.4899110565266424
467,0.06228616331821092,-0.3742487839648384,0.7889003888986735,-0.3188957024514324,-0.45131236740193703,0.017553868302190134,0.7883553130426523,1.0577630844629191,-0.20733909044368898,-0.17881709824638026
468,-1.5965664187658544,-1.059277342151756,-0.6881432088146888,-0.9837424404642098,-0.548072385389108,-1.1870925545426625,-0.6649005202336262,-0.9303858692690418,-2.000586331571893,-0.09587035983203389
469,0.40145069181761134,0.31745841299588984,-0.38758024491745224,1.2635987893174119,-0.06867249749739618,0.36050298023489724,-0.3975543193676706,-0.08436028847083678,0.1978815139956871,-0.38290706831926336
470,-0.6776272112306929,-0.4491534644073294,-1.0695165754391767,-0.17898217055454702,-1.0674094719547895,-0.06892738444986303,-1.069151227948076,-0.4801085430019399,-0.292199584921505,-0.8126001941969635
471,0.7093221333861286,0.40018717567118417,-0.09411627423842434,0.26622453722027734,-0.8797550809807614,-0.5074240343410534,-0.0913979182868441,0.06010047510670273,0.47014145335307345,-0.10376236957761252
472,0.9880763533341705,0.4123074016521886,0.31269198282661514,0.8264403644640264,-0.6407055464644925,-0.2580168676341785,0.29966786633011433,-0.2357924703457869,-0.17611259652043512,0.5997549953689124
473,0.7112421363286812,0.25482398375130794,-1.2613050877602765,0.8499878197285516,-0.1848618954436881,-0.5540922183431773,-1.2454244769929017,-0.802822877750427,-0.39333255715235294,-0.3706946006620731
474,0.14994347315112758,0.2057010718954488,1.3031492213141587,0.36968186514595447,-0.4010257179334621,-0.8864201402759422,0.8737192496609314,0.5216562019440101,-0.5537606637258142,-0.3200471852362123
475,-0.47055718643850303,0.3247708257191114,0.22414253743734566,0.3750511437643773,-1.3418064270545662,0.7981770042734537,0.2690320934079941,-0.48234145498801273,-0.5854651686368135,-0.33469476127711245
476,-0.8955446476010067,0.2665830448492752,-1.6236606196439949,-1.0015949129744215,-0.4427932366092996,-0.9500927165191565,-1.678440326552499,-1.1316623126389087,0.8895468416652392,-0.5861702064469139
477,-1.040597604110299,-0.29873257681604304,0.5839680344086532,-1.2561686581560003,0.2927161371423025,-0.17809679598321754,0.5195134742430313,-1.1299401193554293,-0.4835320337497556,-0.27450154769069607
478,0.42694012113330626,-0.3096432734933053,0.22577110995010807,0.13311899408715908,-0.5556932308137951,-0.77670224196707,0.22383328865220206,0.08465721043701405,0.3895303986689615,0.53982698984423
479,-1.5138596883221296,-0.018731807308714158,-0.2996536194439732,-0.5402223373428914,-1.3148366467313788,0.33097881073197044,-0.33900188528828634,-0.38305240774252125,0.31332356178481596,-0.5801653602375465
480,-1.3216903400503064,-1.3621758462032159,-1.0160353217879494,-1.7738065548007695,-0.615026118284402,-1.3938303180142355,-1.014368838887105,-1.8016992243115983,-1.4407246287352846,-0.006769377795947072
481,0.7831847063584351,0.6221312801903752,1.3971596948468368,0.6757948754978063,1.297800775499183,1.3203469010318976,0.9583217855484606,0.5323301243208532,0.9279191910802798,0.253544197725223
482,-0.9842392005046608,-0.8705100118140678,0.5863683201308449,-0.19513462053938024,1.4816658940235663,-2.200065856678416,0.5462182202237768,0.6892979348679664,-1.256277723871748,0.058400709815194206
483,0.9927412867220479,0.6691841413974831,0.22280018673336174,-0.024103384711246907,-0.5910390185816536,0.5848539428479657,0.19692639806136816,0.2827233175869388,1.5532627729118382,-0.02827117755123982
484,0.8032999979505054,0.032024860956599545,0.46662778383274406,0.5565628167756298,-0.8390915717240309,0.4070657020391564,0.45155604419066525,0.7042335772503434,-0.17078313924125313,-0.09828400066966644
485,-0.3957832706255172,-0.24004511596581893,-0.582100298235832,-0.7934410174709731,-0.5883249251988385,-0.3166774090802467,-0.671017471776895,-0.2606257093291027,-0.5888193349242815,-0.7508329352379645
486,0.7974453240346925,0.8163967156447655,1.0253426784312192,1.1365642119443817,-0.921046373635962,1.1976542679474165,0.8553154441950342,0.33290733768868036,0.6983843165082015,0.14667808019843215
487,0.31103852055616543,-0.03548092892146762,1.0367436351196215,-0.20869314878480377,-0.5157563521496671,0.38455164442922046,0.6762038279879469,1.0143306179833935,0.01731338160956968,-0.10786539497475141
488,-0.7505920406420644,-0.6653319114819997,-0.6080017105013709,-1.0446998357550223,0.07389099660689435,-0.7979301488233673,-0.5635959907601396,-1.1712618188109274,-1.0608491737563763,-0.4992495717006765
489,-0.8428087749086515,-0.4758979819099344,-0.012968046795303558,-0.06641221017947237,-0.6642264196478018,0.3335913022825003,-0.08060783193652764,-0.23870298276479748,-0.8465499673065973,-0.6434553732852869
490,0.3308048156665459,-0.08149325841827912,0.1844955164114991,0.921404283884668,0.009948255978702122,0.5303175695029244,0.2092289322719843,-0.9409202284155699,0.26044871055222335,-0.038388068204867364
491,1.2603637931126401,0.43519425651594623,0.06064070090256007,0.9450463813444373,-1.4261599900514728,0.16298755349304964,0.04141110472958626,0.5243618943148876,0.0974327117121389,0.39175815579687356
492,0.23197369662979445,0.010037441678603556,0.24373175779003534,-0.7170375518704551,1.126899185021916,0.5082002462605402,0.2116994129526646,-0.3293763404341054,-0.03710109801095044,0.21053907378277661
493,0.038380946411141294,-0.25328035451786285,0.8761163796753156,-0.5862411572033132,-0.9295399463995082,-0.9189299986126506,0.6511686973905991,0.5797231503163396,-0.21554815865201413,-0.08110554397817463
494,0.8560786076796898,0.263617202562711,-0.10528199901341848,0.5310993381088305,-0.3816329534974035,1.119266473951034,-0.14134729120599396,0.16738674677716833,0.5534948756663362,0.0693129638613629
495,0.14617657359699135,-0.32513063109137597,0.4782319971604672,-1.1125953064265797,1.7961911519640312,0.032031276989506106,0.45517364875560956,0.12780133975474822,-0.745098973059212,0.4730368932500823
496,0.17503315309203737,-0.42508783003921163,0.8712507567413369,-0.1559015275623157,-0.13275968389962028,-0.8133629475125119,0.8622277697069934,-0.26570808977553234,-1.5947876670804086,-0.2512563245215936
497,-1.6373535445845728,-0.5330665043830015,-0.3238266376074643,-1.7614480297472839,-0.578540713883482,-1.8194766623887413,-0.40736610175337007,-1.18576115379313,-0.8559422702711185,-0.5056675699251156
498,1.6202872243954198,1.086428303423638,0.015696894787986245,0.8789050702718528,0.045174784499561166,0.4611132752789517,0.03508533640247642,0.5965413899290505,0.12719551231248977,0.05674742165213788
499,-0.14984071935538587,0.38150827560179906,1.5787245575118793,-1.1316252303100571,-0.6726395616168457,0.0193622471676632,1.2426768506019328,0.39612779482759575,-0.00728131337269735,0.3259029381001637
500,-1.037279086523319,-1.3255977053781265,-1.6692765596675596,-1.6658859403455786,-0.06521162573877975,-1.7817911134935884,-1.6365467625719425,-1.514785090750168,-2.0354502848319047,-0.08257504978733474
